{
  "200060:200070": 3.21,
  "200070:200060": 3.21,
  "200060:200080": 3.21,
  "200080:200060": 3.21,
  "200060:200020": 3.21,
  "200020:200060": 3.21,
  "200060:200050": 3.21,
  "200050:200060": 3.21,
  "200060:200040": 3.21,
  "200040:200060": 3.21,
  "200060:200030": 3.21,
  "200030:200060": 3.21,
  "200060:201110": 3.21,
  "201110:200060": 3.21,
  "200060:202710": 4.63,
  "202710:200060": 4.63,
  "200060:202210": 6.61,
  "202210:200060": 6.61,
  "200060:201510": 1.31,
  "201510:200060": 1.31,
  "200060:201520": 2.5,
  "201520:200060": 2.5,
  "200060:204210": 3.12,
  "204210:200060": 3.12,
  "200060:204810": 4.67,
  "204810:200060": 4.67,
  "200060:204910": 5.49,
  "204910:200060": 5.49,
  "200060:204920": 6.26,
  "204920:200060": 6.26,
  "200060:213010": 7.05,
  "213010:200060": 7.05,
  "200060:213110": 8.4,
  "213110:200060": 8.4,
  "200060:213210": 9.44,
  "213210:200060": 9.44,
  "200060:213410": 10.62,
  "213410:200060": 10.62,
  "200060:213510": 11.73,
  "213510:200060": 11.73,
  "200060:214010": 12.74,
  "214010:200060": 12.74,
  "200060:214020": 14.32,
  "214020:200060": 14.32,
  "200060:212710": 16.72,
  "212710:200060": 16.72,
  "200060:214110": 16.58,
  "214110:200060": 16.58,
  "200060:214120": 18.35,
  "214120:200060": 18.35,
  "200060:214310": 19.88,
  "214310:200060": 19.88,
  "200060:216210": 21.18,
  "216210:200060": 21.18,
  "200060:216220": 22.31,
  "216220:200060": 22.31,
  "200060:216310": 23.66,
  "216310:200060": 23.66,
  "200060:216320": 24.48,
  "216320:200060": 24.48,
  "200060:216330": 25.9,
  "216330:200060": 25.9,
  "200060:216620": 28.45,
  "216620:200060": 28.45,
  "200060:217010": 30.54,
  "217010:200060": 30.54,
  "200060:217020": 32.09,
  "217020:200060": 32.09,
  "200060:217030": 35.27,
  "217030:200060": 35.27,
  "200060:216710": 33.12,
  "216710:200060": 33.12,
  "200060:256410": 35.07,
  "256410:200060": 35.07,
  "200060:256510": 36.9,
  "256510:200060": 36.9,
  "200060:256610": 40.95,
  "256610:200060": 40.95,
  "200060:256010": 43.82,
  "256010:200060": 43.82,
  "200060:256020": 45.9,
  "256020:200060": 45.9,
  "200060:256030": 45.9,
  "256030:200060": 45.9,
  "200060:216010": 23.5,
  "216010:200060": 23.5,
  "200060:216110": 25.71,
  "216110:200060": 25.71,
  "200060:216120": 27.44,
  "216120:200060": 27.44,
  "200060:216510": 28.97,
  "216510:200060": 28.97,
  "200060:216610": 29.48,
  "216610:200060": 29.48,
  "200060:204310": 2.9,
  "204310:200060": 2.9,
  "200060:204410": 3.82,
  "204410:200060": 3.82,
  "200060:204420": 5.33,
  "204420:200060": 5.33,
  "200060:204430": 6.84,
  "204430:200060": 6.84,
  "200060:220520": 8.43,
  "220520:200060": 8.43,
  "200060:221610": 9.6,
  "221610:200060": 9.6,
  "200060:221620": 10.42,
  "221620:200060": 10.42,
  "200060:221710": 11.61,
  "221710:200060": 11.61,
  "200060:221810": 12.73,
  "221810:200060": 12.73,
  "200060:222020": 13.68,
  "222020:200060": 13.68,
  "200060:222010": 14.81,
  "222010:200060": 14.81,
  "200060:222210": 16.11,
  "222210:200060": 16.11,
  "200060:222310": 17.04,
  "222310:200060": 17.04,
  "200060:222320": 18.27,
  "222320:200060": 18.27,
  "200060:222610": 20.36,
  "222610:200060": 20.36,
  "200060:222620": 22.71,
  "222620:200060": 22.71,
  "200060:223210": 24.72,
  "223210:200060": 24.72,
  "200060:223220": 26.27,
  "223220:200060": 26.27,
  "200060:223310": 30.72,
  "223310:200060": 30.72,
  "200060:223320": 33.13,
  "223320:200060": 33.13,
  "200060:223330": 38.74,
  "223330:200060": 38.74,
  "200060:250810": 46.39,
  "250810:200060": 46.39,
  "200060:250830": 52.65,
  "250830:200060": 52.65,
  "200060:223230": 26.62,
  "223230:200060": 26.62,
  "200060:222710": 27.92,
  "222710:200060": 27.92,
  "200060:222810": 29.49,
  "222810:200060": 29.49,
  "200060:222910": 31.5,
  "222910:200060": 31.5,
  "200060:223010": 33.59,
  "223010:200060": 33.59,
  "200060:223020": 34.8,
  "223020:200060": 34.8,
  "200060:220410": 6.58,
  "220410:200060": 6.58,
  "200060:220310": 7.87,
  "220310:200060": 7.87,
  "200060:219310": 8.79,
  "219310:200060": 8.79,
  "200060:219320": 10.16,
  "219320:200060": 10.16,
  "200060:219410": 11.69,
  "219410:200060": 11.69,
  "200060:219210": 13.26,
  "219210:200060": 13.26,
  "200060:219510": 14.48,
  "219510:200060": 14.48,
  "200060:219520": 15.35,
  "219520:200060": 15.35,
  "200060:219610": 16.46,
  "219610:200060": 16.46,
  "200060:220010": 18.71,
  "220010:200060": 18.71,
  "200060:219910": 20.56,
  "219910:200060": 20.56,
  "200060:214320": 21.35,
  "214320:200060": 21.35,
  "200060:220530": 8.63,
  "220530:200060": 8.63,
  "200060:220710": 10.1,
  "220710:200060": 10.1,
  "200060:220720": 11.37,
  "220720:200060": 11.37,
  "200060:220810": 12.63,
  "220810:200060": 12.63,
  "200060:220910": 14.65,
  "220910:200060": 14.65,
  "200060:220920": 15.79,
  "220920:200060": 15.79,
  "200060:221010": 17.5,
  "221010:200060": 17.5,
  "200060:221110": 19.33,
  "221110:200060": 19.33,
  "200060:221210": 20.96,
  "221210:200060": 20.96,
  "200060:221310": 22.55,
  "221310:200060": 22.55,
  "200060:221320": 24.02,
  "221320:200060": 24.02,
  "200060:217310": 26.84,
  "217310:200060": 26.84,
  "200060:214410": 18.65,
  "214410:200060": 18.65,
  "200060:214230": 20.64,
  "214230:200060": 20.64,
  "200060:214240": 21.38,
  "214240:200060": 21.38,
  "200060:215010": 22.54,
  "215010:200060": 22.54,
  "200060:215020": 23.2,
  "215020:200060": 23.2,
  "200060:214510": 25.11,
  "214510:200060": 25.11,
  "200060:214520": 26.72,
  "214520:200060": 26.72,
  "200060:214530": 28.26,
  "214530:200060": 28.26,
  "200060:214610": 29.93,
  "214610:200060": 29.93,
  "200060:214710": 32.09,
  "214710:200060": 32.09,
  "200060:214810": 34.8,
  "214810:200060": 34.8,
  "200060:276710": 38.55,
  "276710:200060": 38.55,
  "200060:276610": 40.94,
  "276610:200060": 40.94,
  "200060:277010": 43.9,
  "277010:200060": 43.9,
  "200060:276010": 47.48,
  "276010:200060": 47.48,
  "200060:274710": 49.15,
  "274710:200060": 49.15,
  "200060:274720": 52.67,
  "274720:200060": 52.67,
  "200060:275010": 55.1,
  "275010:200060": 55.1,
  "200060:275020": 57.47,
  "275020:200060": 57.47,
  "200060:214820": 37.38,
  "214820:200060": 37.38,
  "200060:276310": 40.09,
  "276310:200060": 40.09,
  "200060:276220": 43.4,
  "276220:200060": 43.4,
  "200060:276510": 45.95,
  "276510:200060": 45.95,
  "200060:276520": 49.33,
  "276520:200060": 49.33,
  "200060:275610": 52.59,
  "275610:200060": 52.59,
  "200060:275620": 54.98,
  "275620:200060": 54.98,
  "200060:275630": 57.27,
  "275630:200060": 57.27,
  "200060:275310": 60.67,
  "275310:200060": 60.67,
  "200060:275320": 60.67,
  "275320:200060": 60.67,
  "200060:213710": 13.4,
  "213710:200060": 13.4,
  "200060:213810": 14.55,
  "213810:200060": 14.55,
  "200060:213820": 16.56,
  "213820:200060": 16.56,
  "200060:211430": 18.19,
  "211430:200060": 18.19,
  "200060:211420": 19.19,
  "211420:200060": 19.19,
  "200060:211410": 20.16,
  "211410:200060": 20.16,
  "200060:212210": 21.42,
  "212210:200060": 21.42,
  "200060:212110": 23.32,
  "212110:200060": 23.32,
  "200060:211920": 25.39,
  "211920:200060": 25.39,
  "200060:211910": 26.9,
  "211910:200060": 26.9,
  "200060:212020": 28.57,
  "212020:200060": 28.57,
  "200060:212010": 29.41,
  "212010:200060": 29.41,
  "200060:207620": 28.57,
  "207620:200060": 28.57,
  "200060:206110": 5.6,
  "206110:200060": 5.6,
  "200060:206010": 6.31,
  "206010:200060": 6.31,
  "200060:206020": 7.31,
  "206020:200060": 7.31,
  "200060:206510": 8.34,
  "206510:200060": 8.34,
  "200060:206520": 9.59,
  "206520:200060": 9.59,
  "200060:206410": 11.5,
  "206410:200060": 11.5,
  "200060:206710": 12.85,
  "206710:200060": 12.85,
  "200060:206910": 14.48,
  "206910:200060": 14.48,
  "200060:207010": 15.78,
  "207010:200060": 15.78,
  "200060:207110": 17.07,
  "207110:200060": 17.07,
  "200060:207210": 18.3,
  "207210:200060": 18.3,
  "200060:207310": 20.07,
  "207310:200060": 20.07,
  "200060:207410": 22,
  "207410:200060": 22,
  "200060:207420": 23.07,
  "207420:200060": 23.07,
  "200060:207610": 23.95,
  "207610:200060": 23.95,
  "200060:207710": 25.38,
  "207710:200060": 25.38,
  "200060:207720": 26.45,
  "207720:200060": 26.45,
  "200060:207730": 28.3,
  "207730:200060": 28.3,
  "200060:207910": 30.27,
  "207910:200060": 30.27,
  "200060:208010": 33.27,
  "208010:200060": 33.27,
  "200060:208110": 37.25,
  "208110:200060": 37.25,
  "200060:208120": 41.39,
  "208120:200060": 41.39,
  "200060:256310": 54.08,
  "256310:200060": 54.08,
  "200060:256810": 56.56,
  "256810:200060": 56.56,
  "200060:256910": 64.55,
  "256910:200060": 64.55,
  "200060:257110": 76.47,
  "257110:200060": 76.47,
  "200060:257310": 85.8,
  "257310:200060": 85.8,
  "200060:257420": 94.8,
  "257420:200060": 94.8,
  "200060:257540": 107.8,
  "257540:200060": 107.8,
  "200060:257510": 123.8,
  "257510:200060": 123.8,
  "200060:257610": 127.8,
  "257610:200060": 127.8,
  "200060:257620": 130.8,
  "257620:200060": 130.8,
  "200060:257710": 137.8,
  "257710:200060": 137.8,
  "200060:257930": 147.8,
  "257930:200060": 147.8,
  "200060:257810": 153.8,
  "257810:200060": 153.8,
  "200060:257920": 162.8,
  "257920:200060": 162.8,
  "200060:257910": 168.8,
  "257910:200060": 168.8,
  "200060:257950": 176.8,
  "257950:200060": 176.8,
  "200060:257940": 184.8,
  "257940:200060": 184.8,
  "200060:258010": 216.8,
  "258010:200060": 216.8,
  "200060:250840": 55.95,
  "250840:200060": 55.95,
  "200060:250850": 59.24,
  "250850:200060": 59.24,
  "200060:251510": 62.52,
  "251510:200060": 62.52,
  "200060:251520": 64.29,
  "251520:200060": 64.29,
  "200060:251530": 66.22,
  "251530:200060": 66.22,
  "200060:251540": 68.58,
  "251540:200060": 68.58,
  "200060:251550": 70.23,
  "251550:200060": 70.23,
  "200060:251610": 72.14,
  "251610:200060": 72.14,
  "200060:251710": 73.93,
  "251710:200060": 73.93,
  "200060:251810": 75.52,
  "251810:200060": 75.52,
  "200060:251820": 76.99,
  "251820:200060": 76.99,
  "200060:251830": 78.03,
  "251830:200060": 78.03,
  "200060:251910": 79.38,
  "251910:200060": 79.38,
  "200060:250010": 81.31,
  "250010:200060": 81.31,
  "200060:250020": 82.92,
  "250020:200060": 82.92,
  "200060:250030": 84.11,
  "250030:200060": 84.11,
  "200060:252610": 88.31,
  "252610:200060": 88.31,
  "200060:253010": 91.59,
  "253010:200060": 91.59,
  "200060:253020": 95.07,
  "253020:200060": 95.07,
  "200060:252710": 103.32,
  "252710:200060": 103.32,
  "200060:252920": 105.19,
  "252920:200060": 105.19,
  "200060:2529218": 110.66,
  "2529218:200060": 110.66,
  "200060:253310": 113.4,
  "253310:200060": 113.4,
  "200060:253320": 117.54,
  "253320:200060": 117.54,
  "200060:253330": 119.17,
  "253330:200060": 119.17,
  "200060:253420": 128.53,
  "253420:200060": 128.53,
  "200060:253510": 140.84,
  "253510:200060": 140.84,
  "200060:254110": 153.37,
  "254110:200060": 153.37,
  "200060:250510": 86.26,
  "250510:200060": 86.26,
  "200060:250520": 87.51,
  "250520:200060": 87.51,
  "200060:250530": 88.9,
  "250530:200060": 88.9,
  "200060:250540": 90.28,
  "250540:200060": 90.28,
  "200060:275030": 63.61,
  "275030:200060": 63.61,
  "200060:277310": 67.09,
  "277310:200060": 67.09,
  "200060:277410": 71.48,
  "277410:200060": 71.48,
  "200060:277420": 74.29,
  "277420:200060": 74.29,
  "200060:277710": 77.41,
  "277710:200060": 77.41,
  "200060:277720": 79.7,
  "277720:200060": 79.7,
  "200060:277610": 82.96,
  "277610:200060": 82.96,
  "200060:277820": 86.8,
  "277820:200060": 86.8,
  "200060:277810": 90.32,
  "277810:200060": 90.32,
  "200060:277910": 93.44,
  "277910:200060": 93.44,
  "200060:278310": 96.02,
  "278310:200060": 96.02,
  "200060:278410": 97.69,
  "278410:200060": 97.69,
  "200060:278210": 102.62,
  "278210:200060": 102.62,
  "200060:278010": 107.59,
  "278010:200060": 107.59,
  "200060:278020": 109.92,
  "278020:200060": 109.92,
  "200060:278030": 115.83,
  "278030:200060": 115.83,
  "200060:278510": 120.68,
  "278510:200060": 120.68,
  "200060:278610": 126.74,
  "278610:200060": 126.74,
  "200060:278620": 137.14,
  "278620:200060": 137.14,
  "200060:278630": 150.68,
  "278630:200060": 150.68,
  "200060:279010": 155.78,
  "279010:200060": 155.78,
  "200060:230420": 161.19,
  "230420:200060": 161.19,
  "200060:208310": 49.96,
  "208310:200060": 49.96,
  "200060:225010": 57.75,
  "225010:200060": 57.75,
  "200060:225610": 65.19,
  "225610:200060": 65.19,
  "200060:225620": 67.42,
  "225620:200060": 67.42,
  "200060:225020": 69.5,
  "225020:200060": 69.5,
  "200060:225030": 70.64,
  "225030:200060": 70.64,
  "200060:225040": 73.5,
  "225040:200060": 73.5,
  "200060:2250772": 77.18,
  "2250772:200060": 77.18,
  "200060:225060": 78.79,
  "225060:200060": 78.79,
  "200060:225070": 80.32,
  "225070:200060": 80.32,
  "200060:225810": 83.2,
  "225810:200060": 83.2,
  "200060:225910": 91.12,
  "225910:200060": 91.12,
  "200060:225920": 93.64,
  "225920:200060": 93.64,
  "200060:225930": 98.49,
  "225930:200060": 98.49,
  "200060:225940": 107.46,
  "225940:200060": 107.46,
  "200060:226410": 116.01,
  "226410:200060": 116.01,
  "200060:226420": 119.79,
  "226420:200060": 119.79,
  "200060:228310": 129.89,
  "228310:200060": 129.89,
  "200060:228330": 134.92,
  "228330:200060": 134.92,
  "200060:228410": 138.98,
  "228410:200060": 138.98,
  "200060:228420": 140.15,
  "228420:200060": 140.15,
  "200060:228430": 143.33,
  "228430:200060": 143.33,
  "200060:228520": 147.67,
  "228520:200060": 147.67,
  "200060:228910": 151.52,
  "228910:200060": 151.52,
  "200060:228920": 153.71,
  "228920:200060": 153.71,
  "200060:229210": 155.5,
  "229210:200060": 155.5,
  "200060:230310": 157.21,
  "230310:200060": 157.21,
  "200060:229310": 158.34,
  "229310:200060": 158.34,
  "200060:230410": 158.46,
  "230410:200060": 158.46,
  "200060:230430": 163.03,
  "230430:200060": 163.03,
  "200060:232210": 168.04,
  "232210:200060": 168.04,
  "200060:232220": 170.68,
  "232220:200060": 170.68,
  "200060:232230": 172.31,
  "232230:200060": 172.31,
  "200060:232240": 174.7,
  "232240:200060": 174.7,
  "200060:232320": 180.41,
  "232320:200060": 180.41,
  "200060:232330": 181.34,
  "232330:200060": 181.34,
  "200060:232010": 183.91,
  "232010:200060": 183.91,
  "200060:232020": 185.04,
  "232020:200060": 185.04,
  "200060:232030": 187.23,
  "232030:200060": 187.23,
  "200060:232050": 195.96,
  "232050:200060": 195.96,
  "200060:242110": 205.72,
  "242110:200060": 205.72,
  "200060:242050": 211.59,
  "242050:200060": 211.59,
  "200060:242040": 218.59,
  "242040:200060": 218.59,
  "200060:242020": 224.59,
  "242020:200060": 224.59,
  "200060:242030": 224.59,
  "242030:200060": 224.59,
  "200060:242010": 237.59,
  "242010:200060": 237.59,
  "200060:232110": 195.1,
  "232110:200060": 195.1,
  "200060:233410": 203.3,
  "233410:200060": 203.3,
  "200060:233510": 208.05,
  "233510:200060": 208.05,
  "200060:233010": 231.59,
  "233010:200060": 231.59,
  "200060:233310": 281.59,
  "233310:200060": 281.59,
  "200060:233610": 293.59,
  "233610:200060": 293.59,
  "200060:233710": 307.59,
  "233710:200060": 307.59,
  "200060:232310": 177.67,
  "232310:200060": 177.67,
  "200060:201710": 2.65,
  "201710:200060": 2.65,
  "200060:202010": 5.15,
  "202010:200060": 5.15,
  "200060:202020": 6.7,
  "202020:200060": 6.7,
  "200060:202030": 8.2,
  "202030:200060": 8.2,
  "200060:220510": 7.39,
  "220510:200060": 7.39,
  "200060:2155384": 45.41,
  "2155384:200060": 45.41,
  "200060:2155383": 43.54,
  "2155383:200060": 43.54,
  "200060:2155382": 40.94,
  "2155382:200060": 40.94,
  "200060:2153478": 38.87,
  "2153478:200060": 38.87,
  "200060:2153477": 36.6,
  "2153477:200060": 36.6,
  "200060:2154392": 34.24,
  "2154392:200060": 34.24,
  "200060:2154391": 32.17,
  "2154391:200060": 32.17,
  "200060:2126158": 29.7,
  "2126158:200060": 29.7,
  "200060:2790128": 181.4,
  "2790128:200060": 181.4,
  "200060:27871": 198.3,
  "27871:200060": 198.3,
  "200060:279538": 230.78,
  "279538:200060": 230.78,
  "200060:211320": 19.39,
  "211320:200060": 19.39,
  "200060:211340": 20.8,
  "211340:200060": 20.8,
  "200060:211310": 22.07,
  "211310:200060": 22.07,
  "200060:217426": 36.56,
  "217426:200060": 36.56,
  "200060:217933": 42.25,
  "217933:200060": 42.25,
  "200070:200080": 3.21,
  "200080:200070": 3.21,
  "200070:200020": 3.21,
  "200020:200070": 3.21,
  "200070:200050": 3.21,
  "200050:200070": 3.21,
  "200070:200040": 3.21,
  "200040:200070": 3.21,
  "200070:200030": 3.21,
  "200030:200070": 3.21,
  "200070:201110": 3.21,
  "201110:200070": 3.21,
  "200070:202710": 4.63,
  "202710:200070": 4.63,
  "200070:202210": 6.61,
  "202210:200070": 6.61,
  "200070:201510": 4.52,
  "201510:200070": 4.52,
  "200070:201520": 5.71,
  "201520:200070": 5.71,
  "200070:204210": 6.33,
  "204210:200070": 6.33,
  "200070:204810": 7.88,
  "204810:200070": 7.88,
  "200070:204910": 8.7,
  "204910:200070": 8.7,
  "200070:204920": 9.47,
  "204920:200070": 9.47,
  "200070:213010": 10.26,
  "213010:200070": 10.26,
  "200070:213110": 11.61,
  "213110:200070": 11.61,
  "200070:213210": 12.65,
  "213210:200070": 12.65,
  "200070:213410": 13.83,
  "213410:200070": 13.83,
  "200070:213510": 14.94,
  "213510:200070": 14.94,
  "200070:214010": 15.95,
  "214010:200070": 15.95,
  "200070:214020": 17.53,
  "214020:200070": 17.53,
  "200070:212710": 19.93,
  "212710:200070": 19.93,
  "200070:214110": 19.79,
  "214110:200070": 19.79,
  "200070:214120": 21.56,
  "214120:200070": 21.56,
  "200070:214310": 23.09,
  "214310:200070": 23.09,
  "200070:216210": 24.39,
  "216210:200070": 24.39,
  "200070:216220": 25.52,
  "216220:200070": 25.52,
  "200070:216310": 26.87,
  "216310:200070": 26.87,
  "200070:216320": 27.69,
  "216320:200070": 27.69,
  "200070:216330": 29.11,
  "216330:200070": 29.11,
  "200070:216620": 31.66,
  "216620:200070": 31.66,
  "200070:217010": 33.75,
  "217010:200070": 33.75,
  "200070:217020": 35.3,
  "217020:200070": 35.3,
  "200070:217030": 38.48,
  "217030:200070": 38.48,
  "200070:216710": 36.33,
  "216710:200070": 36.33,
  "200070:256410": 38.28,
  "256410:200070": 38.28,
  "200070:256510": 40.11,
  "256510:200070": 40.11,
  "200070:256610": 44.16,
  "256610:200070": 44.16,
  "200070:256010": 47.03,
  "256010:200070": 47.03,
  "200070:256020": 49.11,
  "256020:200070": 49.11,
  "200070:256030": 49.11,
  "256030:200070": 49.11,
  "200070:216010": 26.71,
  "216010:200070": 26.71,
  "200070:216110": 28.92,
  "216110:200070": 28.92,
  "200070:216120": 30.65,
  "216120:200070": 30.65,
  "200070:216510": 32.18,
  "216510:200070": 32.18,
  "200070:216610": 32.69,
  "216610:200070": 32.69,
  "200070:204310": 6.11,
  "204310:200070": 6.11,
  "200070:204410": 7.03,
  "204410:200070": 7.03,
  "200070:204420": 8.54,
  "204420:200070": 8.54,
  "200070:204430": 10.05,
  "204430:200070": 10.05,
  "200070:220520": 11.64,
  "220520:200070": 11.64,
  "200070:221610": 12.81,
  "221610:200070": 12.81,
  "200070:221620": 13.63,
  "221620:200070": 13.63,
  "200070:221710": 14.82,
  "221710:200070": 14.82,
  "200070:221810": 15.94,
  "221810:200070": 15.94,
  "200070:222020": 16.89,
  "222020:200070": 16.89,
  "200070:222010": 18.02,
  "222010:200070": 18.02,
  "200070:222210": 19.32,
  "222210:200070": 19.32,
  "200070:222310": 20.25,
  "222310:200070": 20.25,
  "200070:222320": 21.48,
  "222320:200070": 21.48,
  "200070:222610": 23.57,
  "222610:200070": 23.57,
  "200070:222620": 25.92,
  "222620:200070": 25.92,
  "200070:223210": 27.93,
  "223210:200070": 27.93,
  "200070:223220": 29.48,
  "223220:200070": 29.48,
  "200070:223310": 33.93,
  "223310:200070": 33.93,
  "200070:223320": 36.34,
  "223320:200070": 36.34,
  "200070:223330": 41.95,
  "223330:200070": 41.95,
  "200070:250810": 49.6,
  "250810:200070": 49.6,
  "200070:250830": 55.86,
  "250830:200070": 55.86,
  "200070:223230": 29.83,
  "223230:200070": 29.83,
  "200070:222710": 31.13,
  "222710:200070": 31.13,
  "200070:222810": 32.7,
  "222810:200070": 32.7,
  "200070:222910": 34.71,
  "222910:200070": 34.71,
  "200070:223010": 36.8,
  "223010:200070": 36.8,
  "200070:223020": 38.01,
  "223020:200070": 38.01,
  "200070:220410": 9.79,
  "220410:200070": 9.79,
  "200070:220310": 11.08,
  "220310:200070": 11.08,
  "200070:219310": 12,
  "219310:200070": 12,
  "200070:219320": 13.37,
  "219320:200070": 13.37,
  "200070:219410": 14.9,
  "219410:200070": 14.9,
  "200070:219210": 16.47,
  "219210:200070": 16.47,
  "200070:219510": 17.69,
  "219510:200070": 17.69,
  "200070:219520": 18.56,
  "219520:200070": 18.56,
  "200070:219610": 19.67,
  "219610:200070": 19.67,
  "200070:220010": 21.92,
  "220010:200070": 21.92,
  "200070:219910": 23.77,
  "219910:200070": 23.77,
  "200070:214320": 24.56,
  "214320:200070": 24.56,
  "200070:220530": 11.84,
  "220530:200070": 11.84,
  "200070:220710": 13.31,
  "220710:200070": 13.31,
  "200070:220720": 14.58,
  "220720:200070": 14.58,
  "200070:220810": 15.84,
  "220810:200070": 15.84,
  "200070:220910": 17.86,
  "220910:200070": 17.86,
  "200070:220920": 19,
  "220920:200070": 19,
  "200070:221010": 20.71,
  "221010:200070": 20.71,
  "200070:221110": 22.54,
  "221110:200070": 22.54,
  "200070:221210": 24.17,
  "221210:200070": 24.17,
  "200070:221310": 25.76,
  "221310:200070": 25.76,
  "200070:221320": 27.23,
  "221320:200070": 27.23,
  "200070:217310": 30.05,
  "217310:200070": 30.05,
  "200070:214410": 21.86,
  "214410:200070": 21.86,
  "200070:214230": 23.85,
  "214230:200070": 23.85,
  "200070:214240": 24.59,
  "214240:200070": 24.59,
  "200070:215010": 25.75,
  "215010:200070": 25.75,
  "200070:215020": 26.41,
  "215020:200070": 26.41,
  "200070:214510": 28.32,
  "214510:200070": 28.32,
  "200070:214520": 29.93,
  "214520:200070": 29.93,
  "200070:214530": 31.47,
  "214530:200070": 31.47,
  "200070:214610": 33.14,
  "214610:200070": 33.14,
  "200070:214710": 35.3,
  "214710:200070": 35.3,
  "200070:214810": 38.01,
  "214810:200070": 38.01,
  "200070:276710": 41.76,
  "276710:200070": 41.76,
  "200070:276610": 44.15,
  "276610:200070": 44.15,
  "200070:277010": 47.11,
  "277010:200070": 47.11,
  "200070:276010": 50.69,
  "276010:200070": 50.69,
  "200070:274710": 52.36,
  "274710:200070": 52.36,
  "200070:274720": 55.88,
  "274720:200070": 55.88,
  "200070:275010": 58.31,
  "275010:200070": 58.31,
  "200070:275020": 60.68,
  "275020:200070": 60.68,
  "200070:214820": 40.59,
  "214820:200070": 40.59,
  "200070:276310": 43.3,
  "276310:200070": 43.3,
  "200070:276220": 46.61,
  "276220:200070": 46.61,
  "200070:276510": 49.16,
  "276510:200070": 49.16,
  "200070:276520": 52.54,
  "276520:200070": 52.54,
  "200070:275610": 55.8,
  "275610:200070": 55.8,
  "200070:275620": 58.19,
  "275620:200070": 58.19,
  "200070:275630": 60.48,
  "275630:200070": 60.48,
  "200070:275310": 63.88,
  "275310:200070": 63.88,
  "200070:275320": 63.88,
  "275320:200070": 63.88,
  "200070:213710": 16.61,
  "213710:200070": 16.61,
  "200070:213810": 17.76,
  "213810:200070": 17.76,
  "200070:213820": 19.77,
  "213820:200070": 19.77,
  "200070:211430": 21.4,
  "211430:200070": 21.4,
  "200070:211420": 22.4,
  "211420:200070": 22.4,
  "200070:211410": 23.37,
  "211410:200070": 23.37,
  "200070:212210": 24.63,
  "212210:200070": 24.63,
  "200070:212110": 25.99,
  "212110:200070": 25.99,
  "200070:211920": 28.06,
  "211920:200070": 28.06,
  "200070:211910": 29.57,
  "211910:200070": 29.57,
  "200070:212020": 31.24,
  "212020:200070": 31.24,
  "200070:212010": 30.9,
  "212010:200070": 30.9,
  "200070:207620": 28.57,
  "207620:200070": 28.57,
  "200070:206110": 5.6,
  "206110:200070": 5.6,
  "200070:206010": 6.31,
  "206010:200070": 6.31,
  "200070:206020": 7.31,
  "206020:200070": 7.31,
  "200070:206510": 8.34,
  "206510:200070": 8.34,
  "200070:206520": 9.59,
  "206520:200070": 9.59,
  "200070:206410": 11.5,
  "206410:200070": 11.5,
  "200070:206710": 12.85,
  "206710:200070": 12.85,
  "200070:206910": 14.48,
  "206910:200070": 14.48,
  "200070:207010": 15.78,
  "207010:200070": 15.78,
  "200070:207110": 17.07,
  "207110:200070": 17.07,
  "200070:207210": 18.3,
  "207210:200070": 18.3,
  "200070:207310": 20.07,
  "207310:200070": 20.07,
  "200070:207410": 22,
  "207410:200070": 22,
  "200070:207420": 23.07,
  "207420:200070": 23.07,
  "200070:207610": 23.95,
  "207610:200070": 23.95,
  "200070:207710": 25.38,
  "207710:200070": 25.38,
  "200070:207720": 26.45,
  "207720:200070": 26.45,
  "200070:207730": 28.3,
  "207730:200070": 28.3,
  "200070:207910": 30.27,
  "207910:200070": 30.27,
  "200070:208010": 33.27,
  "208010:200070": 33.27,
  "200070:208110": 37.25,
  "208110:200070": 37.25,
  "200070:208120": 41.39,
  "208120:200070": 41.39,
  "200070:256310": 57.29,
  "256310:200070": 57.29,
  "200070:256810": 59.77,
  "256810:200070": 59.77,
  "200070:256910": 67.76,
  "256910:200070": 67.76,
  "200070:257110": 79.68,
  "257110:200070": 79.68,
  "200070:257310": 89.01,
  "257310:200070": 89.01,
  "200070:257420": 98.01,
  "257420:200070": 98.01,
  "200070:257540": 111.01,
  "257540:200070": 111.01,
  "200070:257510": 127.01,
  "257510:200070": 127.01,
  "200070:257610": 131.01,
  "257610:200070": 131.01,
  "200070:257620": 134.01,
  "257620:200070": 134.01,
  "200070:257710": 141.01,
  "257710:200070": 141.01,
  "200070:257930": 151.01,
  "257930:200070": 151.01,
  "200070:257810": 157.01,
  "257810:200070": 157.01,
  "200070:257920": 166.01,
  "257920:200070": 166.01,
  "200070:257910": 172.01,
  "257910:200070": 172.01,
  "200070:257950": 180.01,
  "257950:200070": 180.01,
  "200070:257940": 188.01,
  "257940:200070": 188.01,
  "200070:258010": 220.01,
  "258010:200070": 220.01,
  "200070:250840": 59.16,
  "250840:200070": 59.16,
  "200070:250850": 62.45,
  "250850:200070": 62.45,
  "200070:251510": 65.73,
  "251510:200070": 65.73,
  "200070:251520": 67.5,
  "251520:200070": 67.5,
  "200070:251530": 69.43,
  "251530:200070": 69.43,
  "200070:251540": 71.79,
  "251540:200070": 71.79,
  "200070:251550": 73.44,
  "251550:200070": 73.44,
  "200070:251610": 75.35,
  "251610:200070": 75.35,
  "200070:251710": 77.14,
  "251710:200070": 77.14,
  "200070:251810": 78.73,
  "251810:200070": 78.73,
  "200070:251820": 80.2,
  "251820:200070": 80.2,
  "200070:251830": 81.24,
  "251830:200070": 81.24,
  "200070:251910": 82.59,
  "251910:200070": 82.59,
  "200070:250010": 84.52,
  "250010:200070": 84.52,
  "200070:250020": 86.13,
  "250020:200070": 86.13,
  "200070:250030": 87.32,
  "250030:200070": 87.32,
  "200070:252610": 91.52,
  "252610:200070": 91.52,
  "200070:253010": 94.8,
  "253010:200070": 94.8,
  "200070:253020": 98.28,
  "253020:200070": 98.28,
  "200070:252710": 106.53,
  "252710:200070": 106.53,
  "200070:252920": 108.4,
  "252920:200070": 108.4,
  "200070:2529218": 113.87,
  "2529218:200070": 113.87,
  "200070:253310": 116.61,
  "253310:200070": 116.61,
  "200070:253320": 120.75,
  "253320:200070": 120.75,
  "200070:253330": 122.38,
  "253330:200070": 122.38,
  "200070:253420": 131.74,
  "253420:200070": 131.74,
  "200070:253510": 144.05,
  "253510:200070": 144.05,
  "200070:254110": 156.58,
  "254110:200070": 156.58,
  "200070:250510": 89.47,
  "250510:200070": 89.47,
  "200070:250520": 90.72,
  "250520:200070": 90.72,
  "200070:250530": 92.11,
  "250530:200070": 92.11,
  "200070:250540": 93.49,
  "250540:200070": 93.49,
  "200070:275030": 66.82,
  "275030:200070": 66.82,
  "200070:277310": 70.3,
  "277310:200070": 70.3,
  "200070:277410": 74.69,
  "277410:200070": 74.69,
  "200070:277420": 77.5,
  "277420:200070": 77.5,
  "200070:277710": 80.62,
  "277710:200070": 80.62,
  "200070:277720": 82.91,
  "277720:200070": 82.91,
  "200070:277610": 86.17,
  "277610:200070": 86.17,
  "200070:277820": 90.01,
  "277820:200070": 90.01,
  "200070:277810": 93.53,
  "277810:200070": 93.53,
  "200070:277910": 96.65,
  "277910:200070": 96.65,
  "200070:278310": 99.23,
  "278310:200070": 99.23,
  "200070:278410": 100.9,
  "278410:200070": 100.9,
  "200070:278210": 105.83,
  "278210:200070": 105.83,
  "200070:278010": 110.8,
  "278010:200070": 110.8,
  "200070:278020": 113.13,
  "278020:200070": 113.13,
  "200070:278030": 119.04,
  "278030:200070": 119.04,
  "200070:278510": 123.89,
  "278510:200070": 123.89,
  "200070:278610": 129.95,
  "278610:200070": 129.95,
  "200070:278620": 140.35,
  "278620:200070": 140.35,
  "200070:278630": 153.89,
  "278630:200070": 153.89,
  "200070:279010": 158.99,
  "279010:200070": 158.99,
  "200070:230420": 161.19,
  "230420:200070": 161.19,
  "200070:208310": 49.96,
  "208310:200070": 49.96,
  "200070:225010": 57.75,
  "225010:200070": 57.75,
  "200070:225610": 65.19,
  "225610:200070": 65.19,
  "200070:225620": 67.42,
  "225620:200070": 67.42,
  "200070:225020": 69.5,
  "225020:200070": 69.5,
  "200070:225030": 70.64,
  "225030:200070": 70.64,
  "200070:225040": 73.5,
  "225040:200070": 73.5,
  "200070:2250772": 77.18,
  "2250772:200070": 77.18,
  "200070:225060": 78.79,
  "225060:200070": 78.79,
  "200070:225070": 80.32,
  "225070:200070": 80.32,
  "200070:225810": 83.2,
  "225810:200070": 83.2,
  "200070:225910": 91.12,
  "225910:200070": 91.12,
  "200070:225920": 93.64,
  "225920:200070": 93.64,
  "200070:225930": 98.49,
  "225930:200070": 98.49,
  "200070:225940": 107.46,
  "225940:200070": 107.46,
  "200070:226410": 116.01,
  "226410:200070": 116.01,
  "200070:226420": 119.79,
  "226420:200070": 119.79,
  "200070:228310": 129.89,
  "228310:200070": 129.89,
  "200070:228330": 134.92,
  "228330:200070": 134.92,
  "200070:228410": 138.98,
  "228410:200070": 138.98,
  "200070:228420": 140.15,
  "228420:200070": 140.15,
  "200070:228430": 143.33,
  "228430:200070": 143.33,
  "200070:228520": 147.67,
  "228520:200070": 147.67,
  "200070:228910": 151.52,
  "228910:200070": 151.52,
  "200070:228920": 153.71,
  "228920:200070": 153.71,
  "200070:229210": 155.5,
  "229210:200070": 155.5,
  "200070:230310": 157.21,
  "230310:200070": 157.21,
  "200070:229310": 158.34,
  "229310:200070": 158.34,
  "200070:230410": 158.46,
  "230410:200070": 158.46,
  "200070:230430": 163.03,
  "230430:200070": 163.03,
  "200070:232210": 168.04,
  "232210:200070": 168.04,
  "200070:232220": 170.68,
  "232220:200070": 170.68,
  "200070:232230": 172.31,
  "232230:200070": 172.31,
  "200070:232240": 174.7,
  "232240:200070": 174.7,
  "200070:232320": 180.41,
  "232320:200070": 180.41,
  "200070:232330": 181.34,
  "232330:200070": 181.34,
  "200070:232010": 183.91,
  "232010:200070": 183.91,
  "200070:232020": 185.04,
  "232020:200070": 185.04,
  "200070:232030": 187.23,
  "232030:200070": 187.23,
  "200070:232050": 195.96,
  "232050:200070": 195.96,
  "200070:242110": 205.72,
  "242110:200070": 205.72,
  "200070:242050": 211.59,
  "242050:200070": 211.59,
  "200070:242040": 218.59,
  "242040:200070": 218.59,
  "200070:242020": 224.59,
  "242020:200070": 224.59,
  "200070:242030": 224.59,
  "242030:200070": 224.59,
  "200070:242010": 237.59,
  "242010:200070": 237.59,
  "200070:232110": 195.1,
  "232110:200070": 195.1,
  "200070:233410": 203.3,
  "233410:200070": 203.3,
  "200070:233510": 208.05,
  "233510:200070": 208.05,
  "200070:233010": 231.59,
  "233010:200070": 231.59,
  "200070:233310": 281.59,
  "233310:200070": 281.59,
  "200070:233610": 293.59,
  "233610:200070": 293.59,
  "200070:233710": 307.59,
  "233710:200070": 307.59,
  "200070:232310": 177.67,
  "232310:200070": 177.67,
  "200070:201710": 5.86,
  "201710:200070": 5.86,
  "200070:202010": 8.36,
  "202010:200070": 8.36,
  "200070:202020": 9.91,
  "202020:200070": 9.91,
  "200070:202030": 11.41,
  "202030:200070": 11.41,
  "200070:220510": 10.6,
  "220510:200070": 10.6,
  "200070:2155384": 48.08,
  "2155384:200070": 48.08,
  "200070:2155383": 46.21,
  "2155383:200070": 46.21,
  "200070:2155382": 43.61,
  "2155382:200070": 43.61,
  "200070:2153478": 41.54,
  "2153478:200070": 41.54,
  "200070:2153477": 39.27,
  "2153477:200070": 39.27,
  "200070:2154392": 36.91,
  "2154392:200070": 36.91,
  "200070:2154391": 34.84,
  "2154391:200070": 34.84,
  "200070:2126158": 32.37,
  "2126158:200070": 32.37,
  "200070:2790128": 184.61,
  "2790128:200070": 184.61,
  "200070:27871": 201.51,
  "27871:200070": 201.51,
  "200070:279538": 233.99,
  "279538:200070": 233.99,
  "200070:211320": 19.39,
  "211320:200070": 19.39,
  "200070:211340": 20.8,
  "211340:200070": 20.8,
  "200070:211310": 22.07,
  "211310:200070": 22.07,
  "200070:217426": 39.77,
  "217426:200070": 39.77,
  "200070:217933": 45.46,
  "217933:200070": 45.46,
  "200080:200020": 3.21,
  "200020:200080": 3.21,
  "200080:200050": 3.21,
  "200050:200080": 3.21,
  "200080:200040": 3.21,
  "200040:200080": 3.21,
  "200080:200030": 3.21,
  "200030:200080": 3.21,
  "200080:201110": 3.21,
  "201110:200080": 3.21,
  "200080:202710": 4.63,
  "202710:200080": 4.63,
  "200080:202210": 6.61,
  "202210:200080": 6.61,
  "200080:201510": 4.52,
  "201510:200080": 4.52,
  "200080:201520": 5.71,
  "201520:200080": 5.71,
  "200080:204210": 6.33,
  "204210:200080": 6.33,
  "200080:204810": 7.88,
  "204810:200080": 7.88,
  "200080:204910": 8.7,
  "204910:200080": 8.7,
  "200080:204920": 9.47,
  "204920:200080": 9.47,
  "200080:213010": 10.26,
  "213010:200080": 10.26,
  "200080:213110": 11.61,
  "213110:200080": 11.61,
  "200080:213210": 12.65,
  "213210:200080": 12.65,
  "200080:213410": 13.83,
  "213410:200080": 13.83,
  "200080:213510": 14.94,
  "213510:200080": 14.94,
  "200080:214010": 15.95,
  "214010:200080": 15.95,
  "200080:214020": 17.53,
  "214020:200080": 17.53,
  "200080:212710": 19.93,
  "212710:200080": 19.93,
  "200080:214110": 19.79,
  "214110:200080": 19.79,
  "200080:214120": 21.56,
  "214120:200080": 21.56,
  "200080:214310": 23.09,
  "214310:200080": 23.09,
  "200080:216210": 24.39,
  "216210:200080": 24.39,
  "200080:216220": 25.52,
  "216220:200080": 25.52,
  "200080:216310": 26.87,
  "216310:200080": 26.87,
  "200080:216320": 27.69,
  "216320:200080": 27.69,
  "200080:216330": 29.11,
  "216330:200080": 29.11,
  "200080:216620": 31.66,
  "216620:200080": 31.66,
  "200080:217010": 33.75,
  "217010:200080": 33.75,
  "200080:217020": 35.3,
  "217020:200080": 35.3,
  "200080:217030": 38.48,
  "217030:200080": 38.48,
  "200080:216710": 36.33,
  "216710:200080": 36.33,
  "200080:256410": 38.28,
  "256410:200080": 38.28,
  "200080:256510": 40.11,
  "256510:200080": 40.11,
  "200080:256610": 44.16,
  "256610:200080": 44.16,
  "200080:256010": 47.03,
  "256010:200080": 47.03,
  "200080:256020": 49.11,
  "256020:200080": 49.11,
  "200080:256030": 49.11,
  "256030:200080": 49.11,
  "200080:216010": 26.71,
  "216010:200080": 26.71,
  "200080:216110": 28.92,
  "216110:200080": 28.92,
  "200080:216120": 30.65,
  "216120:200080": 30.65,
  "200080:216510": 32.18,
  "216510:200080": 32.18,
  "200080:216610": 32.69,
  "216610:200080": 32.69,
  "200080:204310": 6.11,
  "204310:200080": 6.11,
  "200080:204410": 7.03,
  "204410:200080": 7.03,
  "200080:204420": 8.54,
  "204420:200080": 8.54,
  "200080:204430": 10.05,
  "204430:200080": 10.05,
  "200080:220520": 11.64,
  "220520:200080": 11.64,
  "200080:221610": 12.81,
  "221610:200080": 12.81,
  "200080:221620": 13.63,
  "221620:200080": 13.63,
  "200080:221710": 14.82,
  "221710:200080": 14.82,
  "200080:221810": 15.94,
  "221810:200080": 15.94,
  "200080:222020": 16.89,
  "222020:200080": 16.89,
  "200080:222010": 18.02,
  "222010:200080": 18.02,
  "200080:222210": 19.32,
  "222210:200080": 19.32,
  "200080:222310": 20.25,
  "222310:200080": 20.25,
  "200080:222320": 21.48,
  "222320:200080": 21.48,
  "200080:222610": 23.57,
  "222610:200080": 23.57,
  "200080:222620": 25.92,
  "222620:200080": 25.92,
  "200080:223210": 27.93,
  "223210:200080": 27.93,
  "200080:223220": 29.48,
  "223220:200080": 29.48,
  "200080:223310": 33.93,
  "223310:200080": 33.93,
  "200080:223320": 36.34,
  "223320:200080": 36.34,
  "200080:223330": 41.95,
  "223330:200080": 41.95,
  "200080:250810": 49.6,
  "250810:200080": 49.6,
  "200080:250830": 55.86,
  "250830:200080": 55.86,
  "200080:223230": 29.83,
  "223230:200080": 29.83,
  "200080:222710": 31.13,
  "222710:200080": 31.13,
  "200080:222810": 32.7,
  "222810:200080": 32.7,
  "200080:222910": 34.71,
  "222910:200080": 34.71,
  "200080:223010": 36.8,
  "223010:200080": 36.8,
  "200080:223020": 38.01,
  "223020:200080": 38.01,
  "200080:220410": 9.79,
  "220410:200080": 9.79,
  "200080:220310": 11.08,
  "220310:200080": 11.08,
  "200080:219310": 12,
  "219310:200080": 12,
  "200080:219320": 13.37,
  "219320:200080": 13.37,
  "200080:219410": 14.9,
  "219410:200080": 14.9,
  "200080:219210": 16.47,
  "219210:200080": 16.47,
  "200080:219510": 17.69,
  "219510:200080": 17.69,
  "200080:219520": 18.56,
  "219520:200080": 18.56,
  "200080:219610": 19.67,
  "219610:200080": 19.67,
  "200080:220010": 21.92,
  "220010:200080": 21.92,
  "200080:219910": 23.77,
  "219910:200080": 23.77,
  "200080:214320": 24.56,
  "214320:200080": 24.56,
  "200080:220530": 11.84,
  "220530:200080": 11.84,
  "200080:220710": 13.31,
  "220710:200080": 13.31,
  "200080:220720": 14.58,
  "220720:200080": 14.58,
  "200080:220810": 15.84,
  "220810:200080": 15.84,
  "200080:220910": 17.86,
  "220910:200080": 17.86,
  "200080:220920": 19,
  "220920:200080": 19,
  "200080:221010": 20.71,
  "221010:200080": 20.71,
  "200080:221110": 22.54,
  "221110:200080": 22.54,
  "200080:221210": 24.17,
  "221210:200080": 24.17,
  "200080:221310": 25.76,
  "221310:200080": 25.76,
  "200080:221320": 27.23,
  "221320:200080": 27.23,
  "200080:217310": 30.05,
  "217310:200080": 30.05,
  "200080:214410": 21.86,
  "214410:200080": 21.86,
  "200080:214230": 23.85,
  "214230:200080": 23.85,
  "200080:214240": 24.59,
  "214240:200080": 24.59,
  "200080:215010": 25.75,
  "215010:200080": 25.75,
  "200080:215020": 26.41,
  "215020:200080": 26.41,
  "200080:214510": 28.32,
  "214510:200080": 28.32,
  "200080:214520": 29.93,
  "214520:200080": 29.93,
  "200080:214530": 31.47,
  "214530:200080": 31.47,
  "200080:214610": 33.14,
  "214610:200080": 33.14,
  "200080:214710": 35.3,
  "214710:200080": 35.3,
  "200080:214810": 38.01,
  "214810:200080": 38.01,
  "200080:276710": 41.76,
  "276710:200080": 41.76,
  "200080:276610": 44.15,
  "276610:200080": 44.15,
  "200080:277010": 47.11,
  "277010:200080": 47.11,
  "200080:276010": 50.69,
  "276010:200080": 50.69,
  "200080:274710": 52.36,
  "274710:200080": 52.36,
  "200080:274720": 55.88,
  "274720:200080": 55.88,
  "200080:275010": 58.31,
  "275010:200080": 58.31,
  "200080:275020": 60.68,
  "275020:200080": 60.68,
  "200080:214820": 40.59,
  "214820:200080": 40.59,
  "200080:276310": 43.3,
  "276310:200080": 43.3,
  "200080:276220": 46.61,
  "276220:200080": 46.61,
  "200080:276510": 49.16,
  "276510:200080": 49.16,
  "200080:276520": 52.54,
  "276520:200080": 52.54,
  "200080:275610": 55.8,
  "275610:200080": 55.8,
  "200080:275620": 58.19,
  "275620:200080": 58.19,
  "200080:275630": 60.48,
  "275630:200080": 60.48,
  "200080:275310": 63.88,
  "275310:200080": 63.88,
  "200080:275320": 63.88,
  "275320:200080": 63.88,
  "200080:213710": 16.61,
  "213710:200080": 16.61,
  "200080:213810": 17.76,
  "213810:200080": 17.76,
  "200080:213820": 19.77,
  "213820:200080": 19.77,
  "200080:211430": 21.4,
  "211430:200080": 21.4,
  "200080:211420": 22.4,
  "211420:200080": 22.4,
  "200080:211410": 23.37,
  "211410:200080": 23.37,
  "200080:212210": 24.63,
  "212210:200080": 24.63,
  "200080:212110": 22.78,
  "212110:200080": 22.78,
  "200080:211920": 24.85,
  "211920:200080": 24.85,
  "200080:211910": 26.36,
  "211910:200080": 26.36,
  "200080:212020": 28.03,
  "212020:200080": 28.03,
  "200080:212010": 27.69,
  "212010:200080": 27.69,
  "200080:207620": 25.36,
  "207620:200080": 25.36,
  "200080:206110": 2.39,
  "206110:200080": 2.39,
  "200080:206010": 3.1,
  "206010:200080": 3.1,
  "200080:206020": 4.1,
  "206020:200080": 4.1,
  "200080:206510": 5.13,
  "206510:200080": 5.13,
  "200080:206520": 6.38,
  "206520:200080": 6.38,
  "200080:206410": 8.29,
  "206410:200080": 8.29,
  "200080:206710": 9.64,
  "206710:200080": 9.64,
  "200080:206910": 11.27,
  "206910:200080": 11.27,
  "200080:207010": 12.57,
  "207010:200080": 12.57,
  "200080:207110": 13.86,
