{
  "20003:20004": 0.05,
  "20004:20003": 0.05,
  "20003:20005": 0.098,
  "20005:20003": 0.098,
  "20003:20006": 0.145,
  "20006:20003": 0.145,
  "20003:20951": 9.424,
  "20951:20003": 9.424,
  "20003:20007": 1.678,
  "20007:20003": 1.678,
  "20003:20009": 3.964,
  "20009:20003": 3.964,
  "20003:20271": 2.617,
  "20271:20003": 2.617,
  "20003:20281": 3.153,
  "20281:20003": 3.153,
  "20003:20291": 4.769,
  "20291:20003": 4.769,
  "20003:20301": 6.665,
  "20301:20003": 6.665,
  "20003:200910": 1.502,
  "200910:20003": 1.502,
  "20003:20412": 2.857,
  "20412:20003": 2.857,
  "20003:20413": 2.469,
  "20413:20003": 2.469,
  "20003:20414": 1.545,
  "20414:20003": 1.545,
  "20003:20461": 7.989,
  "20461:20003": 7.989,
  "20003:20462": 6.717,
  "20462:20003": 6.717,
  "20003:20471": 5.359,
  "20471:20003": 5.359,
  "20003:211158": 6.789,
  "211158:20003": 6.789,
  "20003:2000441": 1.136,
  "2000441:20003": 1.136,
  "20003:2000442": 1.156,
  "2000442:20003": 1.156,
  "20003:20601": 1.44,
  "20601:20003": 1.44,
  "20003:20603": 1.852,
  "20603:20003": 1.852,
  "20003:20611": 1.261,
  "20611:20003": 1.261,
  "20003:20614": 1.47,
  "20614:20003": 1.47,
  "20003:20651": 3.553,
  "20651:20003": 3.553,
  "20003:20881": 3.099,
  "20881:20003": 3.099,
  "20003:20882": 2.712,
  "20882:20003": 2.712,
  "20003:20883": 2.999,
  "20883:20003": 2.999,
  "20003:20891": 2.147,
  "20891:20003": 2.147,
  "20003:20892": 2.119,
  "20892:20003": 2.119,
  "20003:20901": 2.248,
  "20901:20003": 2.248,
  "20003:20902": 2.78,
  "20902:20003": 2.78,
  "20003:21101": 4.127,
  "21101:20003": 4.127,
  "20003:21122": 10.683,
  "21122:20003": 10.683,
  "20003:21141": 12.129,
  "21141:20003": 12.129,
  "20003:21151": 16.282,
  "21151:20003": 16.282,
  "20003:21271": 13.026,
  "21271:20003": 13.026,
  "20003:21371": 8.968,
  "21371:20003": 8.968,
  "20003:21501": 19.357,
  "21501:20003": 19.357,
  "20004:20005": 0.048,
  "20005:20004": 0.048,
  "20004:20006": 0.095,
  "20006:20004": 0.095,
  "20004:20951": 9.457,
  "20951:20004": 9.457,
  "20004:20007": 1.726,
  "20007:20004": 1.726,
  "20004:20009": 3.917,
  "20009:20004": 3.917,
  "20004:20271": 2.666,
  "20271:20004": 2.666,
  "20004:20281": 3.2,
  "20281:20004": 3.2,
  "20004:20291": 4.819,
  "20291:20004": 4.819,
  "20004:20301": 6.712,
  "20301:20004": 6.712,
  "20004:200910": 1.464,
  "200910:20004": 1.464,
  "20004:20412": 2.813,
  "20412:20004": 2.813,
  "20004:20413": 2.42,
  "20413:20004": 2.42,
  "20004:20414": 1.496,
  "20414:20004": 1.496,
  "20004:20461": 7.94,
  "20461:20004": 7.94,
  "20004:20462": 6.668,
  "20462:20004": 6.668,
  "20004:20471": 5.31,
  "20471:20004": 5.31,
  "20004:211158": 6.74,
  "211158:20004": 6.74,
  "20004:2000441": 1.091,
  "2000441:20004": 1.091,
  "20004:2000442": 1.113,
  "2000442:20004": 1.113,
  "20004:20601": 1.418,
  "20601:20004": 1.418,
  "20004:20603": 1.866,
  "20603:20004": 1.866,
  "20004:20611": 1.253,
  "20611:20004": 1.253,
  "20004:20614": 1.493,
  "20614:20004": 1.493,
  "20004:20651": 3.51,
  "20651:20004": 3.51,
  "20004:20881": 3.126,
  "20881:20004": 3.126,
  "20004:20882": 2.744,
  "20882:20004": 2.744,
  "20004:20883": 3.04,
  "20883:20004": 3.04,
  "20004:20891": 2.16,
  "20891:20004": 2.16,
  "20004:20892": 2.138,
  "20892:20004": 2.138,
  "20004:20901": 2.284,
  "20901:20004": 2.284,
  "20004:20902": 2.808,
  "20902:20004": 2.808,
  "20004:21101": 4.085,
  "21101:20004": 4.085,
  "20004:21122": 10.635,
  "21122:20004": 10.635,
  "20004:21141": 12.082,
  "21141:20004": 12.082,
  "20004:21151": 16.233,
  "21151:20004": 16.233,
  "20004:21271": 12.978,
  "21271:20004": 12.978,
  "20004:21371": 8.968,
  "21371:20004": 8.968,
  "20004:21501": 19.308,
  "21501:20004": 19.308,
  "20005:20006": 0.046,
  "20006:20005": 0.046,
  "20005:20951": 9.486,
  "20951:20005": 9.486,
  "20005:20007": 1.773,
  "20007:20005": 1.773,
  "20005:20009": 3.871,
  "20009:20005": 3.871,
  "20005:20271": 2.714,
  "20271:20005": 2.714,
  "20005:20281": 3.245,
  "20281:20005": 3.245,
  "20005:20291": 4.867,
  "20291:20005": 4.867,
  "20005:20301": 6.756,
  "20301:20005": 6.756,
  "20005:200910": 1.429,
  "200910:20005": 1.429,
  "20005:20412": 2.77,
  "20412:20005": 2.77,
  "20005:20413": 2.372,
  "20413:20005": 2.372,
  "20005:20414": 1.448,
  "20414:20005": 1.448,
  "20005:20461": 7.892,
  "20461:20005": 7.892,
  "20005:20462": 6.62,
  "20462:20005": 6.62,
  "20005:20471": 5.263,
  "20471:20005": 5.263,
  "20005:211158": 6.693,
  "211158:20005": 6.693,
  "20005:2000441": 1.049,
  "2000441:20005": 1.049,
  "20005:2000442": 1.072,
  "2000442:20005": 1.072,
  "20005:20601": 1.397,
  "20601:20005": 1.397,
  "20005:20603": 1.878,
  "20603:20005": 1.878,
  "20005:20611": 1.245,
  "20611:20005": 1.245,
  "20005:20614": 1.515,
  "20614:20005": 1.515,
  "20005:20651": 3.468,
  "20651:20005": 3.468,
  "20005:20881": 3.152,
  "20881:20005": 3.152,
  "20005:20882": 2.775,
  "20882:20005": 2.775,
  "20005:20883": 3.077,
  "20883:20005": 3.077,
  "20005:20891": 2.171,
  "20891:20005": 2.171,
  "20005:20892": 2.154,
  "20892:20005": 2.154,
  "20005:20901": 2.318,
  "20901:20005": 2.318,
  "20005:20902": 2.834,
  "20902:20005": 2.834,
  "20005:21101": 4.043,
  "21101:20005": 4.043,
  "20005:21122": 10.587,
  "21122:20005": 10.587,
  "20005:21141": 12.035,
  "21141:20005": 12.035,
  "20005:21151": 16.186,
  "21151:20005": 16.186,
  "20005:21271": 12.93,
  "21271:20005": 12.93,
  "20005:21371": 8.968,
  "21371:20005": 8.968,
  "20005:21501": 19.26,
  "21501:20005": 19.26,
  "20006:20951": 9.515,
  "20951:20006": 9.515,
  "20006:20007": 1.817,
  "20007:20006": 1.817,
  "20006:20009": 3.827,
  "20009:20006": 3.827,
  "20006:20271": 2.76,
  "20271:20006": 2.76,
  "20006:20281": 3.289,
  "20281:20006": 3.289,
  "20006:20291": 4.913,
  "20291:20006": 4.913,
  "20006:20301": 6.798,
  "20301:20006": 6.798,
  "20006:200910": 1.396,
  "200910:20006": 1.396,
  "20006:20412": 2.729,
  "20412:20006": 2.729,
  "20006:20413": 2.326,
  "20413:20006": 2.326,
  "20006:20414": 1.402,
  "20414:20006": 1.402,
  "20006:20461": 7.846,
  "20461:20006": 7.846,
  "20006:20462": 6.574,
  "20462:20006": 6.574,
  "20006:20471": 5.218,
  "20471:20006": 5.218,
  "20006:211158": 6.647,
  "211158:20006": 6.647,
  "20006:2000441": 1.01,
  "2000441:20006": 1.01,
  "20006:2000442": 1.034,
  "2000442:20006": 1.034,
  "20006:20601": 1.378,
  "20601:20006": 1.378,
  "20006:20603": 1.891,
  "20603:20006": 1.891,
  "20006:20611": 1.239,
  "20611:20006": 1.239,
  "20006:20614": 1.537,
  "20614:20006": 1.537,
  "20006:20651": 3.428,
  "20651:20006": 3.428,
  "20006:20881": 3.176,
  "20881:20006": 3.176,
  "20006:20882": 2.804,
  "20882:20006": 2.804,
  "20006:20883": 3.114,
  "20883:20006": 3.114,
  "20006:20891": 2.182,
  "20891:20006": 2.182,
  "20006:20892": 2.171,
  "20892:20006": 2.171,
  "20006:20901": 2.351,
  "20901:20006": 2.351,
  "20006:20902": 2.859,
  "20902:20006": 2.859,
  "20006:21101": 4.003,
  "21101:20006": 4.003,
  "20006:21122": 10.542,
  "21122:20006": 10.542,
  "20006:21141": 11.99,
  "21141:20006": 11.99,
  "20006:21151": 16.14,
  "21151:20006": 16.14,
  "20006:21271": 12.885,
  "21271:20006": 12.885,
  "20006:21371": 8.968,
  "21371:20006": 8.968,
  "20006:21501": 19.214,
  "21501:20006": 19.214,
  "20951:20007": 8.113,
  "20007:20951": 8.113,
  "20951:20009": 11.398,
  "20009:20951": 11.398,
  "20951:20271": 8.391,
  "20271:20951": 8.391,
  "20951:20281": 8.94,
  "20281:20951": 8.94,
  "20951:20291": 8.071,
  "20291:20951": 8.071,
  "20951:20301": 4.772,
  "20301:20951": 4.772,
  "20951:200910": 10.905,
  "200910:20951": 10.905,
  "20951:20412": 10.369,
  "20412:20951": 10.369,
  "20951:20413": 10.847,
  "20413:20951": 10.847,
  "20951:20414": 10.269,
  "20414:20951": 10.269,
  "20951:20461": 15.189,
  "20461:20951": 15.189,
  "20951:20462": 14.071,
  "20462:20951": 14.071,
  "20951:20471": 12.754,
  "20471:20951": 12.754,
  "20951:211158": 13.894,
  "211158:20951": 13.894,
  "20951:2000441": 10.471,
  "2000441:20951": 10.471,
  "20951:2000442": 10.512,
  "2000442:20951": 10.512,
  "20951:20601": 8.95,
  "20601:20951": 8.95,
  "20951:20603": 7.791,
  "20603:20951": 7.791,
  "20951:20611": 8.683,
  "20611:20951": 8.683,
  "20951:20614": 8.003,
  "20614:20951": 8.003,
  "20951:20651": 10.599,
  "20651:20951": 10.599,
  "20951:20881": 6.365,
  "20881:20951": 6.365,
  "20951:20882": 6.712,
  "20882:20951": 6.712,
  "20951:20883": 6.537,
  "20883:20951": 6.537,
  "20951:20891": 7.566,
  "20891:20951": 7.566,
  "20951:20892": 7.462,
  "20892:20951": 7.462,
  "20951:20901": 7.192,
  "20901:20951": 7.192,
  "20951:20902": 6.673,
  "20902:20951": 6.673,
  "20951:21101": 10.848,
  "21101:20951": 10.848,
  "20951:21122": 17.191,
  "21122:20951": 17.191,
  "20951:21141": 18.107,
  "21141:20951": 18.107,
  "20951:21151": 22.317,
  "21151:20951": 22.317,
  "20951:21271": 19.112,
  "21271:20951": 19.112,
  "20951:21371": 16.133,
  "21371:20951": 16.133,
  "20951:21501": 25.348,
  "21501:20951": 25.348,
  "20007:20009": 5.427,
  "20009:20007": 5.427,
  "20007:20271": 1.278,
  "20271:20007": 1.278,
  "20007:20281": 2.054,
  "20281:20007": 2.054,
  "20007:20291": 3.301,
  "20291:20007": 3.301,
  "20007:20301": 5.003,
  "20301:20007": 5.003,
  "20007:200910": 3.104,
  "200910:20007": 3.104,
  "20007:20412": 4.236,
  "20412:20007": 4.236,
  "20007:20413": 4.049,
  "20413:20007": 4.049,
  "20007:20414": 3.144,
  "20414:20007": 3.144,
  "20007:20461": 9.552,
  "20461:20007": 9.552,
  "20007:20462": 8.275,
  "20462:20007": 8.275,
  "20007:20471": 6.884,
  "20471:20007": 6.884,
  "20007:211158": 8.311,
  "211158:20007": 8.311,
  "20007:2000441": 2.801,
  "2000441:20007": 2.801,
  "20007:2000442": 2.813,
  "2000442:20007": 2.813,
  "20007:20601": 2.426,
  "20601:20007": 2.426,
  "20007:20603": 1.791,
  "20603:20007": 1.791,
  "20007:20611": 2.031,
  "20611:20007": 2.031,
  "20007:20614": 1.32,
  "20614:20007": 1.32,
  "20007:20651": 4.881,
  "20651:20007": 4.881,
  "20007:20881": 2.192,
  "20881:20007": 2.192,
  "20007:20882": 1.667,
  "20882:20007": 1.667,
  "20007:20883": 1.581,
  "20883:20007": 1.581,
  "20007:20891": 2.01,
  "20891:20007": 2.01,
  "20007:20892": 1.795,
  "20892:20007": 1.795,
  "20007:20901": 1.141,
  "20901:20007": 1.141,
  "20007:20902": 1.91,
  "20902:20007": 1.91,
  "20007:21101": 5.43,
  "21101:20007": 5.43,
  "20007:21122": 12.199,
  "21122:20007": 12.199,
  "20007:21141": 13.595,
  "21141:20007": 13.595,
  "20007:21151": 17.797,
  "21151:20007": 17.797,
  "20007:21271": 14.517,
  "21271:20007": 14.517,
  "20007:21371": 10.669,
  "21371:20007": 10.669,
  "20007:21501": 20.886,
  "21501:20007": 20.886,
  "20009:20271": 6.553,
  "20271:20009": 6.553,
  "20009:20281": 7.117,
  "20281:20009": 7.117,
  "20009:20291": 8.692,
  "20291:20009": 8.692,
  "20009:20301": 9.979,
  "20301:20009": 9.979,
  "20009:200910": 3.462,
  "200910:20009": 3.462,
  "20009:20412": 1.216,
  "20412:20009": 1.216,
  "20009:20413": 1.58,
  "20413:20009": 1.58,
  "20009:20414": 2.453,
  "20414:20009": 2.453,
  "20009:20461": 4.176,
  "20461:20009": 4.176,
  "20009:20462": 2.911,
  "20462:20009": 2.911,
  "20009:20471": 1.494,
  "20471:20009": 1.494,
  "20009:211158": 2.898,
  "211158:20009": 2.898,
  "20009:2000441": 3.278,
  "2000441:20009": 3.278,
  "20009:2000442": 3.324,
  "2000442:20009": 3.324,
  "20009:20601": 3.078,
  "20601:20009": 3.078,
  "20009:20603": 4.21,
  "20603:20009": 4.21,
  "20009:20611": 3.487,
  "20611:20009": 3.487,
  "20009:20614": 4.373,
  "20614:20009": 4.373,
  "20009:20651": 0.8,
  "20651:20009": 0.8,
  "20009:20881": 5.526,
  "20881:20009": 5.526,
  "20009:20882": 5.499,
  "20882:20009": 5.499,
  "20009:20883": 6.134,
  "20883:20009": 6.134,
  "20009:20891": 4.279,
  "20891:20009": 4.279,
  "20009:20892": 4.503,
  "20892:20009": 4.503,
  "20009:20901": 5.338,
  "20901:20009": 5.338,
  "20009:20902": 5.325,
  "20902:20009": 5.325,
  "20009:21101": 0.802,
  "21101:20009": 0.802,
  "20009:21122": 6.773,
  "21122:20009": 6.773,
  "20009:21141": 8.179,
  "21141:20009": 8.179,
  "20009:21151": 12.371,
  "21151:20009": 12.371,
  "20009:21271": 9.092,
  "21271:20009": 9.092,
  "20009:21371": 5.278,
  "21371:20009": 5.278,
  "20009:21501": 15.461,
  "21501:20009": 15.461,
  "20271:20281": 0.817,
  "20281:20271": 0.817,
  "20271:20291": 2.152,
  "20291:20271": 2.152,
  "20271:20301": 4.615,
  "20301:20271": 4.615,
  "20271:200910": 3.778,
  "200910:20271": 3.778,
  "20271:20412": 5.395,
  "20412:20271": 5.395,
  "20271:20413": 5.086,
  "20413:20271": 5.086,
  "20271:20414": 4.162,
  "20414:20271": 4.162,
  "20271:20461": 10.606,
  "20461:20271": 10.606,
  "20271:20462": 9.334,
  "20462:20271": 9.334,
  "20271:20471": 7.971,
  "20471:20271": 7.971,
  "20271:211158": 9.402,
  "211158:20271": 9.402,
  "20271:2000441": 3.606,
  "2000441:20271": 3.606,
  "20271:2000442": 3.598,
  "2000442:20271": 3.598,
  "20271:20601": 3.651,
  "20601:20271": 3.651,
  "20271:20603": 3.061,
  "20603:20271": 3.061,
  "20271:20611": 3.272,
  "20611:20271": 3.272,
  "20271:20614": 2.598,
  "20614:20271": 2.598,
  "20271:20651": 6.065,
  "20651:20271": 6.065,
  "20271:20881": 3.173,
  "20881:20271": 3.173,
  "20271:20882": 2.649,
  "20882:20271": 2.649,
  "20271:20883": 2.23,
  "20883:20271": 2.23,
  "20271:20891": 3.263,
  "20891:20271": 3.263,
  "20271:20892": 3.032,
  "20892:20271": 3.032,
  "20271:20901": 2.209,
  "20901:20271": 2.209,
  "20271:20902": 2.951,
  "20902:20271": 2.951,
  "20271:21101": 6.626,
  "21101:20271": 6.626,
  "20271:21122": 13.297,
  "21122:20271": 13.297,
  "20271:21141": 14.73,
  "21141:20271": 14.73,
  "20271:21151": 18.896,
  "21151:20271": 18.896,
  "20271:21271": 15.635,
  "21271:20271": 15.635,
  "20271:21371": 11.729,
  "21371:20271": 11.729,
  "20271:21501": 21.973,
  "21501:20271": 21.973,
  "20281:20291": 1.827,
  "20291:20281": 1.827,
  "20281:20301": 4.865,
  "20301:20281": 4.865,
  "20281:200910": 4.094,
  "200910:20281": 4.094,
  "20281:20412": 5.998,
  "20412:20281": 5.998,
  "20281:20413": 5.597,
  "20413:20281": 5.597,
  "20281:20414": 4.679,
  "20414:20281": 4.679,
  "20281:20461": 11.086,
  "20461:20281": 11.086,
  "20281:20462": 9.824,
  "20462:20281": 9.824,
  "20281:20471": 8.492,
  "20471:20281": 8.492,
  "20281:211158": 9.918,
  "211158:20281": 9.918,
  "20281:2000441": 4.01,
  "2000441:20281": 4.01,
  "20281:2000442": 3.989,
  "2000442:20281": 3.989,
  "20281:20601": 4.333,
  "20601:20281": 4.333,
  "20281:20603": 3.845,
  "20603:20281": 3.845,
  "20281:20611": 3.974,
  "20611:20281": 3.974,
  "20281:20614": 3.366,
  "20614:20281": 3.366,
  "20281:20651": 6.685,
  "20651:20281": 6.685,
  "20281:20881": 3.982,
  "20881:20281": 3.982,
  "20281:20882": 3.462,
  "20882:20281": 3.462,
  "20281:20883": 3.009,
  "20883:20281": 3.009,
  "20281:20891": 4.06,
  "20891:20281": 4.06,
  "20281:20892": 3.834,
  "20892:20281": 3.834,
  "20281:20901": 3.026,
  "20901:20281": 3.026,
  "20281:20902": 3.766,
  "20902:20281": 3.766,
  "20281:21101": 7.255,
  "21101:20281": 7.255,
  "20281:21122": 13.807,
  "21122:20281": 13.807,
  "20281:21141": 15.272,
  "21141:20281": 15.272,
  "20281:21151": 19.399,
  "21151:20281": 19.399,
  "20281:21271": 16.158,
  "21271:20281": 16.158,
  "20281:21371": 12.209,
  "21371:20281": 12.209,
  "20281:21501": 22.461,
  "21501:20281": 22.461,
  "20291:20301": 3.518,
  "20301:20291": 3.518,
  "20291:200910": 5.872,
  "200910:20291": 5.872,
  "20291:20412": 7.52,
  "20412:20291": 7.52,
  "20291:20413": 7.237,
  "20413:20291": 7.237,
  "20291:20414": 6.314,
  "20414:20291": 6.314,
  "20291:20461": 12.759,
  "20461:20291": 12.759,
  "20291:20462": 11.486,
  "20462:20291": 11.486,
  "20291:20471": 10.12,
  "20471:20291": 10.12,
  "20291:211158": 11.551,
  "211158:20291": 11.551,
  "20291:2000441": 5.739,
  "2000441:20291": 5.739,
  "20291:2000442": 5.726,
  "2000442:20291": 5.726,
  "20291:20601": 5.727,
  "20601:20291": 5.727,
  "20291:20603": 4.943,
  "20603:20291": 4.943,
  "20291:20611": 5.33,
  "20611:20291": 5.33,
  "20291:20614": 4.552,
  "20614:20291": 4.552,
  "20291:20651": 8.177,
  "20651:20291": 8.177,
  "20291:20881": 4.535,
  "20881:20291": 4.535,
  "20291:20882": 4.11,
  "20882:20291": 4.11,
  "20291:20883": 3.439,
  "20883:20291": 3.439,
  "20291:20891": 5.077,
  "20891:20291": 5.077,
  "20291:20892": 4.818,
  "20892:20291": 4.818,
  "20291:20901": 3.862,
  "20901:20291": 3.862,
  "20291:20902": 4.433,
  "20902:20291": 4.433,
  "20291:21101": 8.729,
  "21101:20291": 8.729,
  "20291:21122": 15.446,
  "21122:20291": 15.446,
  "20291:21141": 16.87,
  "21141:20291": 16.87,
  "20291:21151": 21.046,
  "21151:20291": 21.046,
  "20291:21271": 17.78,
  "21271:20291": 17.78,
  "20291:21371": 13.881,
  "21371:20291": 13.881,
  "20291:21501": 24.124,
  "21501:20291": 24.124,
  "20301:200910": 8.106,
  "200910:20301": 8.106,
  "20301:20412": 8.77,
  "20412:20301": 8.77,
  "20301:20413": 8.851,
  "20413:20301": 8.851,
  "20301:20414": 8.014,
  "20414:20301": 8.014,
  "20301:20461": 14.148,
  "20461:20301": 14.148,
  "20301:20462": 12.89,
  "20462:20301": 12.89,
  "20301:20471": 11.473,
  "20471:20301": 11.473,
  "20301:211158": 12.847,
  "211158:20301": 12.847,
  "20301:2000441": 7.798,
  "2000441:20301": 7.798,
  "20301:2000442": 7.813,
  "2000442:20301": 7.813,
  "20301:20601": 6.941,
  "20601:20301": 6.941,
  "20301:20603": 5.769,
  "20603:20301": 5.769,
  "20301:20611": 6.549,
  "20611:20301": 6.549,
  "20301:20614": 5.661,
  "20614:20301": 5.661,
  "20301:20651": 9.278,
  "20651:20301": 9.278,
  "20301:20881": 4.541,
  "20881:20301": 4.541,
  "20301:20882": 4.483,
  "20882:20301": 4.483,
  "20301:20883": 3.856,
  "20883:20301": 3.856,
  "20301:20891": 5.714,
  "20891:20301": 5.714,
  "20301:20892": 5.48,
  "20892:20301": 5.48,
  "20301:20901": 4.67,
  "20901:20301": 4.67,
  "20301:20902": 4.686,
  "20902:20301": 4.686,
  "20301:21101": 9.731,
  "21101:20301": 9.731,
  "20301:21122": 16.624,
  "21122:20301": 16.624,
  "20301:21141": 17.866,
  "21141:20301": 17.866,
  "20301:21151": 22.145,
  "21151:20301": 22.145,
  "20301:21271": 18.84,
  "21271:20301": 18.84,
  "20301:21371": 15.232,
  "21371:20301": 15.232,
  "20301:21501": 25.248,
  "21501:20301": 25.248,
  "200910:20412": 2.695,
  "20412:200910": 2.695,
  "200910:20413": 1.905,
  "20413:200910": 1.905,
  "200910:20414": 1.298,
  "20414:200910": 1.298,
  "200910:20461": 7.083,
  "20461:200910": 7.083,
  "200910:20462": 5.849,
  "20462:200910": 5.849,
  "200910:20471": 4.618,
  "20471:200910": 4.618,
  "200910:211158": 5.998,
  "211158:200910": 5.998,
  "200910:2000441": 0.483,
  "2000441:200910": 0.483,
  "200910:2000442": 0.424,
  "2000442:200910": 0.424,
  "200910:20601": 2.304,
  "20601:200910": 2.304,
  "200910:20603": 3.195,
  "20603:200910": 3.195,
  "200910:20611": 2.382,
  "20611:200910": 2.382,
  "200910:20614": 2.907,
  "20614:200910": 2.907,
  "200910:20651": 3.36,
  "20651:200910": 3.36,
  "200910:20881": 4.552,
  "20881:200910": 4.552,
  "200910:20882": 4.197,
  "20882:200910": 4.197,
  "200910:20883": 4.5,
  "20883:200910": 4.5,
  "200910:20891": 3.467,
  "20891:200910": 3.467,
  "200910:20892": 3.502,
  "20892:200910": 3.502,
  "200910:20901": 3.747,
  "20901:200910": 3.747,
  "200910:20902": 4.238,
  "20902:200910": 4.238,
  "200910:21101": 3.905,
  "21101:200910": 3.905,
  "200910:21122": 9.838,
  "21122:200910": 9.838,
  "200910:21141": 11.358,
  "21141:200910": 11.358,
  "200910:21151": 15.396,
  "21151:200910": 15.396,
  "200910:21271": 12.202,
  "21271:200910": 12.202,
  "200910:21371": 8.198,
  "21371:200910": 8.198,
  "200910:21501": 18.434,
  "21501:200910": 18.434,
  "20412:20413": 0.916,
  "20413:20412": 0.916,
  "20412:20414": 1.468,
  "20414:20412": 1.468,
  "20412:20461": 5.392,
  "20461:20412": 5.392,
  "20412:20462": 4.125,
  "20462:20412": 4.125,
  "20412:20471": 2.709,
  "20471:20412": 2.709,
  "20412:211158": 4.113,
  "211158:20412": 4.113,
  "20412:2000441": 2.385,
  "2000441:20412": 2.385,
  "20412:2000442": 2.443,
  "2000442:20412": 2.443,
  "20412:20601": 1.863,
  "20601:20412": 1.863,
  "20412:20603": 3.002,
  "20603:20412": 3.002,
  "20412:20611": 2.272,
  "20611:20412": 2.272,
  "20412:20614": 3.157,
  "20614:20412": 3.157,
  "20412:20651": 0.704,
  "20651:20412": 0.704,
  "20412:20881": 4.348,
  "20881:20412": 4.348,
  "20412:20882": 4.295,
  "20882:20412": 4.295,
  "20412:20883": 4.921,
  "20883:20412": 4.921,
  "20412:20891": 3.086,
  "20891:20412": 3.086,
  "20412:20892": 3.301,
  "20892:20412": 3.301,
  "20412:20901": 4.123,
  "20901:20412": 4.123,
  "20412:20902": 4.133,
  "20902:20412": 4.133,
  "20412:21101": 1.28,
  "21101:20412": 1.28,
  "20412:21122": 7.978,
  "21122:20412": 7.978,
  "20412:21141": 9.36,
  "21141:20412": 9.36,
  "20412:21151": 13.571,
  "21151:20412": 13.571,
  "20412:21271": 10.285,
  "21271:20412": 10.285,
  "20412:21371": 6.494,
  "21371:20412": 6.494,
  "20412:21501": 16.665,
  "21501:20412": 16.665,
  "20413:20414": 0.924,
  "20414:20413": 0.924,
  "20413:20461": 5.522,
  "20461:20413": 5.522,
  "20413:20462": 4.249,
  "20462:20413": 4.249,
  "20413:20471": 2.895,
  "20471:20413": 2.895,
  "20413:211158": 4.323,
  "211158:20413": 4.323,
  "20413:2000441": 1.698,
  "2000441:20413": 1.698,
  "20413:2000442": 1.744,
  "2000442:20413": 1.744,
  "20413:20601": 1.964,
  "20601:20413": 1.964,
  "20413:20603": 3.185,
  "20603:20413": 3.185,
  "20413:20611": 2.323,
  "20611:20413": 2.323,
  "20413:20614": 3.194,
  "20614:20413": 3.194,
  "20413:20651": 1.491,
  "20651:20413": 1.491,
  "20413:20881": 4.621,
  "20881:20413": 4.621,
  "20413:20882": 4.463,
  "20882:20413": 4.463,
  "20413:20883": 5.006,
  "20883:20413": 5.006,
  "20413:20891": 3.345,
  "20891:20413": 3.345,
  "20413:20892": 3.513,
  "20892:20413": 3.513,
  "20413:20901": 4.187,
  "20901:20413": 4.187,
  "20413:20902": 4.362,
  "20902:20413": 4.362,
  "20413:21101": 2.011,
  "21101:20413": 2.011,
  "20413:21122": 8.216,
  "21122:20413": 8.216,
  "20413:21141": 9.675,
  "21141:20413": 9.675,
  "20413:21151": 13.814,
  "21151:20413": 13.814,
  "20413:21271": 10.563,
  "21271:20413": 10.563,
  "20413:21371": 6.644,
  "21371:20413": 6.644,
  "20413:21501": 16.888,
  "21501:20413": 16.888,
  "20414:20461": 6.446,
  "20461:20414": 6.446,
  "20414:20462": 5.173,
  "20462:20414": 5.173,
  "20414:20471": 3.817,
  "20471:20414": 3.817,
  "20414:211158": 5.246,
  "211158:20414": 5.246,
  "20414:2000441": 0.926,
  "2000441:20414": 0.926,
  "20414:2000442": 0.987,
  "2000442:20414": 0.987,
  "20414:20601": 1.328,
  "20601:20414": 1.328,
  "20414:20603": 2.491,
  "20603:20414": 2.491,
  "20414:20611": 1.596,
  "20611:20414": 1.596,
  "20414:20614": 2.402,
  "20614:20414": 2.402,
  "20414:20651": 2.166,
  "20651:20414": 2.166,
  "20414:20881": 3.941,
  "20881:20414": 3.941,
  "20414:20882": 3.714,
  "20882:20414": 3.714,
  "20414:20883": 4.198,
  "20883:20414": 4.198,
  "20414:20891": 2.702,
  "20891:20414": 2.702,
  "20414:20892": 2.825,
  "20892:20414": 2.825,
  "20414:20901": 3.382,
  "20901:20414": 3.382,
  "20414:20902": 3.657,
  "20902:20414": 3.657,
  "20414:21101": 2.735,
  "21101:20414": 2.735,
  "20414:21122": 9.14,
  "21122:20414": 9.14,
  "20414:21141": 10.593,
  "21141:20414": 10.593,
  "20414:21151": 14.738,
  "21151:20414": 14.738,
  "20414:21271": 11.484,
  "21271:20414": 11.484,
  "20414:21371": 7.568,
  "21371:20414": 7.568,
  "20414:21501": 17.812,
  "21501:20414": 17.812,
  "20461:20462": 1.276,
  "20462:20461": 1.276,
  "20461:20471": 2.684,
  "20471:20461": 2.684,
  "20461:211158": 1.316,
  "211158:20461": 1.316,
  "20461:2000441": 7.084,
  "2000441:20461": 7.084,
  "20461:2000442": 7.111,
  "2000442:20461": 7.111,
  "20461:20601": 7.251,
  "20601:20461": 7.251,
  "20461:20603": 8.382,
  "20603:20461": 8.382,
  "20461:20611": 7.658,
  "20611:20461": 7.658,
  "20461:20614": 8.547,
  "20614:20461": 8.547,
  "20461:20651": 4.874,
  "20651:20461": 4.874,
  "20461:20881": 9.658,
  "20881:20461": 9.658,
  "20461:20882": 9.664,
  "20882:20461": 9.664,
  "20461:20883": 10.309,
  "20883:20461": 10.309,
  "20461:20891": 8.436,
  "20891:20461": 8.436,
  "20461:20892": 8.668,
  "20892:20461": 8.668,
  "20461:20901": 9.515,
  "20901:20461": 9.515,
  "20461:20902": 9.475,
  "20902:20461": 9.475,
  "20461:21101": 4.464,
  "21101:20461": 4.464,
  "20461:21122": 2.765,
  "21122:20461": 2.765,
  "20461:21141": 4.337,
  "21141:20461": 4.337,
  "20461:21151": 8.317,
  "21151:20461": 8.317,
  "20461:21271": 5.129,
  "21271:20461": 5.129,
  "20461:21371": 1.123,
  "21371:20461": 1.123,
  "20461:21501": 11.374,
  "21501:20461": 11.374,
  "20462:20471": 1.417,
  "20471:20462": 1.417,
  "20462:211158": 0.405,
  "211158:20462": 0.405,
  "20462:2000441": 5.829,
  "2000441:20462": 5.829,
  "20462:2000442": 5.858,
  "2000442:20462": 5.858,
  "20462:20601": 5.981,
  "20601:20462": 5.981,
  "20462:20603": 7.122,
  "20603:20462": 7.122,
  "20462:20611": 6.387,
  "20611:20462": 6.387,
  "20462:20614": 7.277,
  "20614:20462": 7.277,
  "20462:20651": 3.632,
  "20651:20462": 3.632,
  "20462:20881": 8.418,
  "20881:20462": 8.418,
  "20462:20882": 8.409,
  "20882:20462": 8.409,
  "20462:20883": 9.045,
  "20883:20462": 9.045,
  "20462:20891": 7.184,
  "20891:20462": 7.184,
  "20462:20892": 7.412,
  "20892:20462": 7.412,
  "20462:20901": 8.248,
  "20901:20462": 8.248,
  "20462:20902": 8.227,
  "20902:20462": 8.227,
  "20462:21101": 3.259,
  "21101:20462": 3.259,
  "20462:21122": 3.992,
  "21122:20462": 3.992,
  "20462:21141": 5.514,
  "21141:20462": 5.514,
  "20462:21151": 9.575,
  "21151:20462": 9.575,
  "20462:21271": 6.354,
  "21271:20462": 6.354,
  "20462:21371": 2.396,
  "21371:20462": 2.396,
  "20462:21501": 12.641,
  "21501:20462": 12.641,
  "20471:211158": 1.431,
  "211158:20471": 1.431,
  "20471:2000441": 4.537,
  "2000441:20471": 4.537,
  "20471:2000442": 4.573,
  "2000442:20471": 4.573,
  "20471:20601": 4.567,
  "20601:20471": 4.567,
  "20471:20603": 5.704,
  "20603:20471": 5.704,
  "20471:20611": 4.974,
  "20611:20471": 4.974,
  "20471:20614": 5.863,
  "20614:20471": 5.863,
  "20471:20651": 2.226,
  "20651:20471": 2.226,
  "20471:20881": 7.007,
  "20881:20471": 7.007,
  "20471:20882": 6.992,
  "20882:20471": 6.992,
  "20471:20883": 7.628,
  "20883:20471": 7.628,
  "20471:20891": 5.769,
  "20891:20471": 5.769,
  "20471:20892": 5.995,
  "20892:20471": 5.995,
  "20471:20901": 6.832,
  "20901:20471": 6.832,
  "20471:20902": 6.812,
  "20902:20471": 6.812,
  "20471:21101": 1.906,
  "21101:20471": 1.906,
  "20471:21122": 5.326,
  "21122:20471": 5.326,
  "20471:21141": 6.782,
  "21141:20471": 6.782,
  "20471:21151": 10.926,
  "21151:20471": 10.926,
  "20471:21271": 7.668,
  "21271:20471": 7.668,
  "20471:21371": 3.792,
  "21371:20471": 3.792,
  "20471:21501": 14.007,
  "21501:20471": 14.007,
  "211158:2000441": 5.947,
  "2000441:211158": 5.947,
  "211158:2000442": 5.979,
  "2000442:211158": 5.979,
  "211158:20601": 5.975,
  "20601:211158": 5.975,
  "211158:20603": 7.087,
  "20603:211158": 7.087,
  "211158:20611": 6.384,
  "20611:211158": 6.384,
  "211158:20614": 7.27,
  "20614:211158": 7.27,
  "211158:20651": 3.569,
  "20651:211158": 3.569,
  "211158:20881": 8.348,
  "20881:211158": 8.348,
  "211158:20882": 8.364,
  "20882:211158": 8.364,
  "211158:20883": 9.016,
  "20883:211158": 9.016,
  "211158:20891": 7.133,
  "20891:211158": 7.133,
  "211158:20892": 7.368,
  "20892:211158": 7.368,
  "211158:20901": 8.228,
  "20901:211158": 8.228,
  "211158:20902": 8.17,
  "20902:211158": 8.17,
  "211158:21101": 3.148,
  "21101:211158": 3.148,
  "211158:21122": 3.895,
  "21122:211158": 3.895,
  "211158:21141": 5.366,
  "21141:211158": 5.366,
  "211158:21151": 9.495,
  "21151:211158": 9.495,
  "211158:21271": 6.24,
  "21271:211158": 6.24,
  "211158:21371": 2.386,
  "21371:211158": 2.386,
  "211158:21501": 12.577,
  "21501:211158": 12.577,
  "2000441:2000442": 0.066,
  "2000442:2000441": 0.066,
  "2000441:20601": 1.822,
  "20601:2000441": 1.822,
  "2000441:20603": 2.73,
  "20603:2000441": 2.73,
  "2000441:20611": 1.904,
  "20611:2000441": 1.904,
  "2000441:20614": 2.468,
  "20614:2000441": 2.468,
  "2000441:20651": 3.075,
  "20651:2000441": 3.075,
  "2000441:20881": 4.109,
  "20881:2000441": 4.109,
  "2000441:20882": 3.775,
  "20882:2000441": 3.775,
  "2000441:20883": 4.12,
  "20883:2000441": 4.12,
  "2000441:20891": 2.998,
  "20891:2000441": 2.998,
  "2000441:20892": 3.043,
  "20892:2000441": 3.043,
  "2000441:20901": 3.346,
  "20901:2000441": 3.346,
  "2000441:20902": 3.798,
  "20902:2000441": 3.798,
  "2000441:21101": 3.638,
  "21101:2000441": 3.638,
  "2000441:21122": 9.82,
  "21122:2000441": 9.82,
  "2000441:21141": 11.313,
  "21141:2000441": 11.313,
  "2000441:21151": 15.401,
  "21151:2000441": 15.401,
  "2000441:21271": 12.179,
  "21271:2000441": 12.179,
  "2000441:21371": 8.205,
  "21371:2000441": 8.205,
  "2000441:21501": 18.456,
  "21501:2000441": 18.456,
  "2000442:20601": 1.884,
  "20601:2000442": 1.884,
  "2000442:20603": 2.779,
  "20603:2000442": 2.779,
  "2000442:20611": 1.959,
  "20611:2000442": 1.959,
  "2000442:20614": 2.509,
  "20614:2000442": 2.509,
  "2000442:20651": 3.132,
  "20651:2000442": 3.132,
  "2000442:20881": 4.151,
  "20881:2000442": 4.151,
  "2000442:20882": 3.812,
  "20882:2000442": 3.812,
  "2000442:20883": 4.148,
  "20883:2000442": 4.148,
  "2000442:20891": 3.049,
  "20891:2000442": 3.049,
  "2000442:20892": 3.09,
  "20892:2000442": 3.09,
  "2000442:20901": 3.378,
  "20901:2000442": 3.378,
  "2000442:20902": 3.84,
  "20902:2000442": 3.84,
  "2000442:21101": 3.693,
  "21101:2000442": 3.693,
  "2000442:21122": 9.849,
  "21122:2000442": 9.849,
  "2000442:21141": 11.346,
  "21141:2000442": 11.346,
  "2000442:21151": 15.428,
  "21151:2000442": 15.428,
  "2000442:21271": 12.209,
  "21271:2000442": 12.209,
  "2000442:21371": 8.231,
  "21371:2000442": 8.231,
  "2000442:21501": 18.481,
  "21501:2000442": 18.481,
  "20601:20603": 1.221,
  "20603:20601": 1.221,
  "20601:20611": 0.41,
  "20611:20601": 0.41,
  "20601:20614": 1.296,
  "20614:20601": 1.296,
  "20601:20651": 2.469,
  "20651:20601": 2.469,
  "20601:20881": 2.661,
  "20881:20601": 2.661,
  "20601:20882": 2.506,
  "20882:20601": 2.506,
  "20601:20883": 3.085,
  "20883:20601": 3.085,
  "20601:20891": 1.394,
  "20891:20601": 1.394,
  "20601:20892": 1.55,
  "20892:20601": 1.55,
  "20601:20901": 2.274,
  "20901:20601": 2.274,
  "20601:20902": 2.398,
  "20902:20601": 2.398,
  "20601:21101": 3.008,
  "21101:20601": 3.008,
  "20601:21122": 9.836,
  "21122:20601": 9.836,
  "20601:21141": 11.199,
  "21141:20601": 11.199,
  "20601:21151": 15.425,
  "21151:20601": 15.425,
  "20601:21271": 12.134,
  "21271:20601": 12.134,
  "20601:21371": 8.356,
  "21371:20601": 8.356,
  "20601:21501": 18.521,
  "21501:20601": 18.521,
  "20603:20611": 0.896,
  "20611:20603": 0.896,
  "20603:20614": 0.509,
  "20614:20603": 0.509,
  "20603:20651": 3.524,
  "20651:20603": 3.524,
  "20603:20881": 1.451,
  "20881:20603": 1.451,
  "20603:20882": 1.297,
  "20882:20603": 1.297,
  "20603:20883": 1.93,
  "20883:20603": 1.93,
  "20603:20891": 0.298,
  "20891:20603": 0.298,
  "20603:20892": 0.334,
  "20892:20603": 0.334,
  "20603:20901": 1.168,
  "20901:20603": 1.168,
  "20603:20902": 1.178,
  "20902:20603": 1.178,
  "20603:21101": 4.01,
  "21101:20603": 4.01,
  "20603:21122": 10.905,
  "21122:20603": 10.905,
  "20603:21141": 12.216,
  "21141:20603": 12.216,
  "20603:21151": 16.47,
  "21151:20603": 16.47,
  "20603:21271": 13.169,
  "21271:20603": 13.169,
  "20603:21371": 9.473,
  "21371:20603": 9.473,
  "20603:21501": 19.572,
  "21501:20603": 19.572,
  "20611:20614": 0.892,
  "20614:20611": 0.892,
  "20611:20651": 2.877,
  "20651:20611": 2.877,
  "20611:20881": 2.345,
  "20881:20611": 2.345,
  "20611:20882": 2.143,
  "20882:20611": 2.143,
  "20611:20883": 2.694,
  "20883:20611": 2.694,
  "20611:20891": 1.123,
  "20891:20611": 1.123,
  "20611:20892": 1.229,
  "20892:20611": 1.229,
  "20611:20901": 1.879,
  "20901:20611": 1.879,
  "20611:20902": 2.065,
  "20902:20611": 2.065,
  "20611:21101": 3.412,
  "21101:20611": 3.412,
  "20611:21122": 10.246,
  "21122:20611": 10.246,
  "20611:21141": 11.608,
  "21141:20611": 11.608,
  "20611:21151": 15.835,
  "21151:20611": 15.835,
  "20611:21271": 12.544,
  "21271:20611": 12.544,
  "20611:21371": 8.764,
  "21371:20611": 8.764,
  "20611:21501": 18.931,
  "21501:20611": 18.931,
  "20614:20651": 3.741,
  "20651:20614": 3.741,
  "20614:20881": 1.645,
  "20881:20614": 1.645,
  "20614:20882": 1.325,
  "20882:20614": 1.325,
  "20614:20883": 1.811,
  "20883:20614": 1.811,
  "20614:20891": 0.787,
  "20891:20614": 0.787,
  "20614:20892": 0.674,
  "20892:20614": 0.674,
  "20614:20901": 0.993,
  "20901:20614": 0.993,
  "20614:20902": 1.331,
  "20902:20614": 1.331,
  "20614:21101": 4.26,
  "21101:20614": 4.26,
  "20614:21122": 11.123,
  "21122:20614": 11.123,
  "20614:21141": 12.469,
  "21141:20614": 12.469,
  "20614:21151": 16.706,
  "21151:20614": 16.706,
  "20614:21271": 13.411,
  "21271:20614": 13.411,
  "20614:21371": 9.651,
  "21371:20614": 9.651,
  "20614:21501": 19.805,
  "21501:20614": 19.805,
  "20651:20881": 4.787,
  "20881:20651": 4.787,
  "20651:20882": 4.795,
  "20882:20651": 4.795,
  "20651:20883": 5.454,
  "20883:20651": 5.454,
  "20651:20891": 3.564,
  "20891:20651": 3.564,
  "20651:20892": 3.8,
  "20892:20651": 3.8,
  "20651:20901": 4.677,
  "20901:20651": 4.677,
  "20651:20902": 4.602,
  "20902:20651": 4.602,
  "20651:21101": 0.576,
  "21101:20651": 0.576,
  "20651:21122": 7.386,
  "21122:20651": 7.386,
  "20651:21141": 8.731,
  "21141:20651": 8.731,
  "20651:21151": 12.965,
  "21151:20651": 12.965,
  "20651:21271": 9.67,
  "21271:20651": 9.67,
  "20651:21371": 5.954,
  "21371:20651": 5.954,
  "20651:21501": 16.064,
  "21501:20651": 16.064,
  "20881:20882": 0.532,
  "20882:20881": 0.532,
  "20881:20883": 1.097,
  "20883:20881": 1.097,
  "20881:20891": 1.279,
  "20891:20881": 1.279,
  "20881:20892": 1.117,
  "20892:20881": 1.117,
  "20881:20901": 1.052,
  "20901:20881": 1.052,
  "20881:20902": 0.32,
  "20902:20881": 0.32,
  "20881:21101": 5.21,
  "21101:20881": 5.21,
  "20881:21122": 12.089,
  "21122:20881": 12.089,
  "20881:21141": 13.326,
  "21141:20881": 13.326,
  "20881:21151": 17.604,
  "21151:20881": 17.604,
  "20881:21271": 14.299,
  "21271:20881": 14.299,
  "20881:21371": 10.726,
  "21371:20881": 10.726,
  "20881:21501": 20.708,
  "21501:20881": 20.708,
  "20882:20883": 0.725,
  "20883:20882": 0.725,
  "20882:20891": 1.234,
  "20891:20882": 1.234,
  "20882:20892": 0.997,
  "20892:20882": 0.997,
  "20882:20901": 0.536,
  "20901:20882": 0.536,
  "20882:20902": 0.324,
  "20902:20882": 0.324,
  "20882:21101": 5.258,
  "21101:20882": 5.258,
  "20882:21122": 12.157,
  "21122:20882": 12.157,
  "20882:21141": 13.436,
  "21141:20882": 13.436,
  "20882:21151": 17.704,
  "21151:20882": 17.704,
  "20882:21271": 14.399,
  "21271:20882": 14.399,
  "20882:21371": 10.749,
  "21371:20882": 10.749,
  "20882:21501": 20.807,
  "21501:20882": 20.807,
  "20883:20891": 1.922,
  "20891:20883": 1.922,
  "20883:20892": 1.668,
  "20892:20883": 1.668,
  "20883:20901": 0.819,
  "20901:20883": 0.819,
  "20883:20902": 1.028,
  "20902:20883": 1.028,
  "20883:21101": 5.934,
  "21101:20883": 5.934,
  "20883:21122": 12.832,
  "21122:20883": 12.832,
  "20883:21141": 14.129,
  "21141:20883": 14.129,
  "20883:21151": 18.391,
  "21151:20883": 18.391,
  "20883:21271": 15.088,
  "21271:20883": 15.088,
  "20883:21371": 11.402,
  "21371:20883": 11.402,
  "20883:21501": 21.494,
  "21501:20883": 21.494,
  "20891:20892": 0.263,
  "20892:20891": 0.263,
  "20891:20901": 1.234,
  "20901:20891": 1.234,
  "20891:20902": 1.047,
  "20902:20891": 1.047,
  "20891:21101": 4.024,
  "21101:20891": 4.024,
  "20891:21122": 10.924,
  "21122:20891": 10.924,
  "20891:21141": 12.209,
  "21141:20891": 12.209,
  "20891:21151": 16.473,
  "21151:20891": 16.473,
  "20891:21271": 13.169,
  "21271:20891": 13.169,
  "20891:21371": 9.518,
  "21371:20891": 9.518,
  "20891:21501": 19.577,
  "21501:20891": 19.577,
  "20892:20901": 0.97,
  "20901:20892": 0.97,
  "20892:20902": 0.849,
  "20902:20892": 0.849,
  "20892:21101": 4.269,
  "21101:20892": 4.269,
  "20892:21122": 11.169,
  "21122:20892": 11.169,
  "20892:21141": 12.461,
  "21141:20892": 12.461,
  "20892:21151": 16.723,
  "21151:20892": 16.723,
  "20892:21271": 13.42,
  "21271:20892": 13.42,
  "20892:21371": 9.754,
  "21371:20892": 9.754,
  "20892:21501": 19.826,
  "21501:20892": 19.826,
  "20901:20902": 0.772,
  "20902:20901": 0.772,
  "20901:21101": 5.173,
  "21101:20901": 5.173,
  "20901:21122": 12.062,
  "21122:20901": 12.062,
  "20901:21141": 13.382,
  "21141:20901": 13.382,
  "20901:21151": 17.633,
  "21151:20901": 17.633,
  "20901:21271": 14.333,
  "21271:20901": 14.333,
  "20901:21371": 10.613,
  "21371:20901": 10.613,
  "20901:21501": 20.735,
  "21501:20901": 20.735,
  "20902:21101": 5.046,
  "21101:20902": 5.046,
  "20902:21122": 11.939,
  "21122:20902": 11.939,
  "20902:21141": 13.2,
  "21141:20902": 13.2,
  "20902:21151": 17.473,
  "21151:20902": 17.473,
  "20902:21271": 14.168,
  "21271:20902": 14.168,
  "20902:21371": 10.552,
  "21371:20902": 10.552,
  "20902:21501": 20.577,
  "21501:20902": 20.577,
  "21101:21122": 6.9,
  "21122:21101": 6.9,
  "21101:21141": 8.212,
  "21141:21101": 8.212,
  "21101:21151": 12.46,
  "21151:21101": 12.46,
  "21101:21271": 9.16,
  "21271:21101": 9.16,
  "21101:21371": 5.518,
  "21371:21101": 5.518,
  "21101:21501": 15.562,
  "21501:21101": 15.562,
  "21122:21141": 1.619,
  "21141:21122": 1.619,
  "21122:21151": 5.6,
  "21151:21122": 5.6,
  "21122:21271": 2.365,
  "21271:21122": 2.365,
  "21122:21371": 1.691,
  "21371:21122": 1.691,
  "21122:21501": 8.688,
  "21501:21122": 8.688,
  "21141:21151": 4.285,
  "21151:21141": 4.285,
  "21141:21271": 1.005,
  "21271:21141": 1.005,
  "21141:21371": 3.301,
  "21371:21141": 3.301,
  "21141:21501": 7.385,
  "21501:21141": 7.385,
  "21151:21271": 3.305,
  "21271:21151": 3.305,
  "21151:21371": 7.199,
  "21371:21151": 7.199,
  "21151:21501": 3.104,
  "21501:21151": 3.104,
  "21271:21371": 4.038,
  "21371:21271": 4.038,
  "21271:21501": 6.409,
  "21501:21271": 6.409,
  "21371:21501": 10.252,
  "21501:21371": 10.252
}