{
  "20003:20004": 50,
  "20004:20003": 50,
  "20003:20005": 98,
  "20005:20003": 98,
  "20003:20006": 145,
  "20006:20003": 145,
  "20003:20951": 9424,
  "20951:20003": 9424,
  "20003:20007": 1678,
  "20007:20003": 1678,
  "20003:20009": 3964,
  "20009:20003": 3964,
  "20003:20271": 2617,
  "20271:20003": 2617,
  "20003:20281": 3153,
  "20281:20003": 3153,
  "20003:20291": 4769,
  "20291:20003": 4769,
  "20003:20301": 6665,
  "20301:20003": 6665,
  "20003:200910": 1502,
  "200910:20003": 1502,
  "20003:20412": 2857,
  "20412:20003": 2857,
  "20003:20413": 2469,
  "20413:20003": 2469,
  "20003:20414": 1545,
  "20414:20003": 1545,
  "20003:20461": 7989,
  "20461:20003": 7989,
  "20003:20462": 6717,
  "20462:20003": 6717,
  "20003:20471": 5359,
  "20471:20003": 5359,
  "20003:211158": 6789,
  "211158:20003": 6789,
  "20003:2000441": 1136,
  "2000441:20003": 1136,
  "20003:2000442": 1156,
  "2000442:20003": 1156,
  "20003:20601": 1440,
  "20601:20003": 1440,
  "20003:20603": 1852,
  "20603:20003": 1852,
  "20003:20611": 1261,
  "20611:20003": 1261,
  "20003:20614": 1470,
  "20614:20003": 1470,
  "20003:20651": 3553,
  "20651:20003": 3553,
  "20003:20881": 3099,
  "20881:20003": 3099,
  "20003:20882": 2712,
  "20882:20003": 2712,
  "20003:20883": 2999,
  "20883:20003": 2999,
  "20003:20891": 2147,
  "20891:20003": 2147,
  "20003:20892": 2119,
  "20892:20003": 2119,
  "20003:20901": 2248,
  "20901:20003": 2248,
  "20003:20902": 2780,
  "20902:20003": 2780,
  "20003:21101": 4127,
  "21101:20003": 4127,
  "20003:21122": 10683,
  "21122:20003": 10683,
  "20003:21141": 12129,
  "21141:20003": 12129,
  "20003:21151": 16282,
  "21151:20003": 16282,
  "20003:21271": 13026,
  "21271:20003": 13026,
  "20003:21371": 8968,
  "21371:20003": 8968,
  "20003:21501": 19357,
  "21501:20003": 19357,
  "20004:20005": 48,
  "20005:20004": 48,
  "20004:20006": 95,
  "20006:20004": 95,
  "20004:20951": 9457,
  "20951:20004": 9457,
  "20004:20007": 1726,
  "20007:20004": 1726,
  "20004:20009": 3917,
  "20009:20004": 3917,
  "20004:20271": 2666,
  "20271:20004": 2666,
  "20004:20281": 3200,
  "20281:20004": 3200,
  "20004:20291": 4819,
  "20291:20004": 4819,
  "20004:20301": 6712,
  "20301:20004": 6712,
  "20004:200910": 1464,
  "200910:20004": 1464,
  "20004:20412": 2813,
  "20412:20004": 2813,
  "20004:20413": 2420,
  "20413:20004": 2420,
  "20004:20414": 1496,
  "20414:20004": 1496,
  "20004:20461": 7940,
  "20461:20004": 7940,
  "20004:20462": 6668,
  "20462:20004": 6668,
  "20004:20471": 5310,
  "20471:20004": 5310,
  "20004:211158": 6740,
  "211158:20004": 6740,
  "20004:2000441": 1091,
  "2000441:20004": 1091,
  "20004:2000442": 1113,
  "2000442:20004": 1113,
  "20004:20601": 1418,
  "20601:20004": 1418,
  "20004:20603": 1866,
  "20603:20004": 1866,
  "20004:20611": 1253,
  "20611:20004": 1253,
  "20004:20614": 1493,
  "20614:20004": 1493,
  "20004:20651": 3510,
  "20651:20004": 3510,
  "20004:20881": 3126,
  "20881:20004": 3126,
  "20004:20882": 2744,
  "20882:20004": 2744,
  "20004:20883": 3040,
  "20883:20004": 3040,
  "20004:20891": 2160,
  "20891:20004": 2160,
  "20004:20892": 2138,
  "20892:20004": 2138,
  "20004:20901": 2284,
  "20901:20004": 2284,
  "20004:20902": 2808,
  "20902:20004": 2808,
  "20004:21101": 4085,
  "21101:20004": 4085,
  "20004:21122": 10635,
  "21122:20004": 10635,
  "20004:21141": 12082,
  "21141:20004": 12082,
  "20004:21151": 16233,
  "21151:20004": 16233,
  "20004:21271": 12978,
  "21271:20004": 12978,
  "20004:21371": 8968,
  "21371:20004": 8968,
  "20004:21501": 19308,
  "21501:20004": 19308,
  "20005:20006": 46,
  "20006:20005": 46,
  "20005:20951": 9486,
  "20951:20005": 9486,
  "20005:20007": 1773,
  "20007:20005": 1773,
  "20005:20009": 3871,
  "20009:20005": 3871,
  "20005:20271": 2714,
  "20271:20005": 2714,
  "20005:20281": 3245,
  "20281:20005": 3245,
  "20005:20291": 4867,
  "20291:20005": 4867,
  "20005:20301": 6756,
  "20301:20005": 6756,
  "20005:200910": 1429,
  "200910:20005": 1429,
  "20005:20412": 2770,
  "20412:20005": 2770,
  "20005:20413": 2372,
  "20413:20005": 2372,
  "20005:20414": 1448,
  "20414:20005": 1448,
  "20005:20461": 7892,
  "20461:20005": 7892,
  "20005:20462": 6620,
  "20462:20005": 6620,
  "20005:20471": 5263,
  "20471:20005": 5263,
  "20005:211158": 6693,
  "211158:20005": 6693,
  "20005:2000441": 1049,
  "2000441:20005": 1049,
  "20005:2000442": 1072,
  "2000442:20005": 1072,
  "20005:20601": 1397,
  "20601:20005": 1397,
  "20005:20603": 1878,
  "20603:20005": 1878,
  "20005:20611": 1245,
  "20611:20005": 1245,
  "20005:20614": 1515,
  "20614:20005": 1515,
  "20005:20651": 3468,
  "20651:20005": 3468,
  "20005:20881": 3152,
  "20881:20005": 3152,
  "20005:20882": 2775,
  "20882:20005": 2775,
  "20005:20883": 3077,
  "20883:20005": 3077,
  "20005:20891": 2171,
  "20891:20005": 2171,
  "20005:20892": 2154,
  "20892:20005": 2154,
  "20005:20901": 2318,
  "20901:20005": 2318,
  "20005:20902": 2834,
  "20902:20005": 2834,
  "20005:21101": 4043,
  "21101:20005": 4043,
  "20005:21122": 10587,
  "21122:20005": 10587,
  "20005:21141": 12035,
  "21141:20005": 12035,
  "20005:21151": 16186,
  "21151:20005": 16186,
  "20005:21271": 12930,
  "21271:20005": 12930,
  "20005:21371": 8968,
  "21371:20005": 8968,
  "20005:21501": 19260,
  "21501:20005": 19260,
  "20006:20951": 9515,
  "20951:20006": 9515,
  "20006:20007": 1817,
  "20007:20006": 1817,
  "20006:20009": 3827,
  "20009:20006": 3827,
  "20006:20271": 2760,
  "20271:20006": 2760,
  "20006:20281": 3289,
  "20281:20006": 3289,
  "20006:20291": 4913,
  "20291:20006": 4913,
  "20006:20301": 6798,
  "20301:20006": 6798,
  "20006:200910": 1396,
  "200910:20006": 1396,
  "20006:20412": 2729,
  "20412:20006": 2729,
  "20006:20413": 2326,
  "20413:20006": 2326,
  "20006:20414": 1402,
  "20414:20006": 1402,
  "20006:20461": 7846,
  "20461:20006": 7846,
  "20006:20462": 6574,
  "20462:20006": 6574,
  "20006:20471": 5218,
  "20471:20006": 5218,
  "20006:211158": 6647,
  "211158:20006": 6647,
  "20006:2000441": 1010,
  "2000441:20006": 1010,
  "20006:2000442": 1034,
  "2000442:20006": 1034,
  "20006:20601": 1378,
  "20601:20006": 1378,
  "20006:20603": 1891,
  "20603:20006": 1891,
  "20006:20611": 1239,
  "20611:20006": 1239,
  "20006:20614": 1537,
  "20614:20006": 1537,
  "20006:20651": 3428,
  "20651:20006": 3428,
  "20006:20881": 3176,
  "20881:20006": 3176,
  "20006:20882": 2804,
  "20882:20006": 2804,
  "20006:20883": 3114,
  "20883:20006": 3114,
  "20006:20891": 2182,
  "20891:20006": 2182,
  "20006:20892": 2171,
  "20892:20006": 2171,
  "20006:20901": 2351,
  "20901:20006": 2351,
  "20006:20902": 2859,
  "20902:20006": 2859,
  "20006:21101": 4003,
  "21101:20006": 4003,
  "20006:21122": 10542,
  "21122:20006": 10542,
  "20006:21141": 11990,
  "21141:20006": 11990,
  "20006:21151": 16140,
  "21151:20006": 16140,
  "20006:21271": 12885,
  "21271:20006": 12885,
  "20006:21371": 8968,
  "21371:20006": 8968,
  "20006:21501": 19214,
  "21501:20006": 19214,
  "20951:20007": 8113,
  "20007:20951": 8113,
  "20951:20009": 11398,
  "20009:20951": 11398,
  "20951:20271": 8391,
  "20271:20951": 8391,
  "20951:20281": 8940,
  "20281:20951": 8940,
  "20951:20291": 8071,
  "20291:20951": 8071,
  "20951:20301": 4772,
  "20301:20951": 4772,
  "20951:200910": 10905,
  "200910:20951": 10905,
  "20951:20412": 10369,
  "20412:20951": 10369,
  "20951:20413": 10847,
  "20413:20951": 10847,
  "20951:20414": 10269,
  "20414:20951": 10269,
  "20951:20461": 15189,
  "20461:20951": 15189,
  "20951:20462": 14071,
  "20462:20951": 14071,
  "20951:20471": 12754,
  "20471:20951": 12754,
  "20951:211158": 13894,
  "211158:20951": 13894,
  "20951:2000441": 10471,
  "2000441:20951": 10471,
  "20951:2000442": 10512,
  "2000442:20951": 10512,
  "20951:20601": 8950,
  "20601:20951": 8950,
  "20951:20603": 7791,
  "20603:20951": 7791,
  "20951:20611": 8683,
  "20611:20951": 8683,
  "20951:20614": 8003,
  "20614:20951": 8003,
  "20951:20651": 10599,
  "20651:20951": 10599,
  "20951:20881": 6365,
  "20881:20951": 6365,
  "20951:20882": 6712,
  "20882:20951": 6712,
  "20951:20883": 6537,
  "20883:20951": 6537,
  "20951:20891": 7566,
  "20891:20951": 7566,
  "20951:20892": 7462,
  "20892:20951": 7462,
  "20951:20901": 7192,
  "20901:20951": 7192,
  "20951:20902": 6673,
  "20902:20951": 6673,
  "20951:21101": 10848,
  "21101:20951": 10848,
  "20951:21122": 17191,
  "21122:20951": 17191,
  "20951:21141": 18107,
  "21141:20951": 18107,
  "20951:21151": 22317,
  "21151:20951": 22317,
  "20951:21271": 19112,
  "21271:20951": 19112,
  "20951:21371": 16133,
  "21371:20951": 16133,
  "20951:21501": 25348,
  "21501:20951": 25348,
  "20007:20009": 5427,
  "20009:20007": 5427,
  "20007:20271": 1278,
  "20271:20007": 1278,
  "20007:20281": 2054,
  "20281:20007": 2054,
  "20007:20291": 3301,
  "20291:20007": 3301,
  "20007:20301": 5003,
  "20301:20007": 5003,
  "20007:200910": 3104,
  "200910:20007": 3104,
  "20007:20412": 4236,
  "20412:20007": 4236,
  "20007:20413": 4049,
  "20413:20007": 4049,
  "20007:20414": 3144,
  "20414:20007": 3144,
  "20007:20461": 9552,
  "20461:20007": 9552,
  "20007:20462": 8275,
  "20462:20007": 8275,
  "20007:20471": 6884,
  "20471:20007": 6884,
  "20007:211158": 8311,
  "211158:20007": 8311,
  "20007:2000441": 2801,
  "2000441:20007": 2801,
  "20007:2000442": 2813,
  "2000442:20007": 2813,
  "20007:20601": 2426,
  "20601:20007": 2426,
  "20007:20603": 1791,
  "20603:20007": 1791,
  "20007:20611": 2031,
  "20611:20007": 2031,
  "20007:20614": 1320,
  "20614:20007": 1320,
  "20007:20651": 4881,
  "20651:20007": 4881,
  "20007:20881": 2192,
  "20881:20007": 2192,
  "20007:20882": 1667,
  "20882:20007": 1667,
  "20007:20883": 1581,
  "20883:20007": 1581,
  "20007:20891": 2010,
  "20891:20007": 2010,
  "20007:20892": 1795,
  "20892:20007": 1795,
  "20007:20901": 1141,
  "20901:20007": 1141,
  "20007:20902": 1910,
  "20902:20007": 1910,
  "20007:21101": 5430,
  "21101:20007": 5430,
  "20007:21122": 12199,
  "21122:20007": 12199,
  "20007:21141": 13595,
  "21141:20007": 13595,
  "20007:21151": 17797,
  "21151:20007": 17797,
  "20007:21271": 14517,
  "21271:20007": 14517,
  "20007:21371": 10669,
  "21371:20007": 10669,
  "20007:21501": 20886,
  "21501:20007": 20886,
  "20009:20271": 6553,
  "20271:20009": 6553,
  "20009:20281": 7117,
  "20281:20009": 7117,
  "20009:20291": 8692,
  "20291:20009": 8692,
  "20009:20301": 9979,
  "20301:20009": 9979,
  "20009:200910": 3462,
  "200910:20009": 3462,
  "20009:20412": 1216,
  "20412:20009": 1216,
  "20009:20413": 1580,
  "20413:20009": 1580,
  "20009:20414": 2453,
  "20414:20009": 2453,
  "20009:20461": 4176,
  "20461:20009": 4176,
  "20009:20462": 2911,
  "20462:20009": 2911,
  "20009:20471": 1494,
  "20471:20009": 1494,
  "20009:211158": 2898,
  "211158:20009": 2898,
  "20009:2000441": 3278,
  "2000441:20009": 3278,
  "20009:2000442": 3324,
  "2000442:20009": 3324,
  "20009:20601": 3078,
  "20601:20009": 3078,
  "20009:20603": 4210,
  "20603:20009": 4210,
  "20009:20611": 3487,
  "20611:20009": 3487,
  "20009:20614": 4373,
  "20614:20009": 4373,
  "20009:20651": 800,
  "20651:20009": 800,
  "20009:20881": 5526,
  "20881:20009": 5526,
  "20009:20882": 5499,
  "20882:20009": 5499,
  "20009:20883": 6134,
  "20883:20009": 6134,
  "20009:20891": 4279,
  "20891:20009": 4279,
  "20009:20892": 4503,
  "20892:20009": 4503,
  "20009:20901": 5338,
  "20901:20009": 5338,
  "20009:20902": 5325,
  "20902:20009": 5325,
  "20009:21101": 802,
  "21101:20009": 802,
  "20009:21122": 6773,
  "21122:20009": 6773,
  "20009:21141": 8179,
  "21141:20009": 8179,
  "20009:21151": 12371,
  "21151:20009": 12371,
  "20009:21271": 9092,
  "21271:20009": 9092,
  "20009:21371": 5278,
  "21371:20009": 5278,
  "20009:21501": 15461,
  "21501:20009": 15461,
  "20271:20281": 817,
  "20281:20271": 817,
  "20271:20291": 2152,
  "20291:20271": 2152,
  "20271:20301": 4615,
  "20301:20271": 4615,
  "20271:200910": 3778,
  "200910:20271": 3778,
  "20271:20412": 5395,
  "20412:20271": 5395,
  "20271:20413": 5086,
  "20413:20271": 5086,
  "20271:20414": 4162,
  "20414:20271": 4162,
  "20271:20461": 10606,
  "20461:20271": 10606,
  "20271:20462": 9334,
  "20462:20271": 9334,
  "20271:20471": 7971,
  "20471:20271": 7971,
  "20271:211158": 9402,
  "211158:20271": 9402,
  "20271:2000441": 3606,
  "2000441:20271": 3606,
  "20271:2000442": 3598,
  "2000442:20271": 3598,
  "20271:20601": 3651,
  "20601:20271": 3651,
  "20271:20603": 3061,
  "20603:20271": 3061,
  "20271:20611": 3272,
  "20611:20271": 3272,
  "20271:20614": 2598,
  "20614:20271": 2598,
  "20271:20651": 6065,
  "20651:20271": 6065,
  "20271:20881": 3173,
  "20881:20271": 3173,
  "20271:20882": 2649,
  "20882:20271": 2649,
  "20271:20883": 2230,
  "20883:20271": 2230,
  "20271:20891": 3263,
  "20891:20271": 3263,
  "20271:20892": 3032,
  "20892:20271": 3032,
  "20271:20901": 2209,
  "20901:20271": 2209,
  "20271:20902": 2951,
  "20902:20271": 2951,
  "20271:21101": 6626,
  "21101:20271": 6626,
  "20271:21122": 13297,
  "21122:20271": 13297,
  "20271:21141": 14730,
  "21141:20271": 14730,
  "20271:21151": 18896,
  "21151:20271": 18896,
  "20271:21271": 15635,
  "21271:20271": 15635,
  "20271:21371": 11729,
  "21371:20271": 11729,
  "20271:21501": 21973,
  "21501:20271": 21973,
  "20281:20291": 1827,
  "20291:20281": 1827,
  "20281:20301": 4865,
  "20301:20281": 4865,
  "20281:200910": 4094,
  "200910:20281": 4094,
  "20281:20412": 5998,
  "20412:20281": 5998,
  "20281:20413": 5597,
  "20413:20281": 5597,
  "20281:20414": 4679,
  "20414:20281": 4679,
  "20281:20461": 11086,
  "20461:20281": 11086,
  "20281:20462": 9824,
  "20462:20281": 9824,
  "20281:20471": 8492,
  "20471:20281": 8492,
  "20281:211158": 9918,
  "211158:20281": 9918,
  "20281:2000441": 4010,
  "2000441:20281": 4010,
  "20281:2000442": 3989,
  "2000442:20281": 3989,
  "20281:20601": 4333,
  "20601:20281": 4333,
  "20281:20603": 3845,
  "20603:20281": 3845,
  "20281:20611": 3974,
  "20611:20281": 3974,
  "20281:20614": 3366,
  "20614:20281": 3366,
  "20281:20651": 6685,
  "20651:20281": 6685,
  "20281:20881": 3982,
  "20881:20281": 3982,
  "20281:20882": 3462,
  "20882:20281": 3462,
  "20281:20883": 3009,
  "20883:20281": 3009,
  "20281:20891": 4060,
  "20891:20281": 4060,
  "20281:20892": 3834,
  "20892:20281": 3834,
  "20281:20901": 3026,
  "20901:20281": 3026,
  "20281:20902": 3766,
  "20902:20281": 3766,
  "20281:21101": 7255,
  "21101:20281": 7255,
  "20281:21122": 13807,
  "21122:20281": 13807,
  "20281:21141": 15272,
  "21141:20281": 15272,
  "20281:21151": 19399,
  "21151:20281": 19399,
  "20281:21271": 16158,
  "21271:20281": 16158,
  "20281:21371": 12209,
  "21371:20281": 12209,
  "20281:21501": 22461,
  "21501:20281": 22461,
  "20291:20301": 3518,
  "20301:20291": 3518,
  "20291:200910": 5872,
  "200910:20291": 5872,
  "20291:20412": 7520,
  "20412:20291": 7520,
  "20291:20413": 7237,
  "20413:20291": 7237,
  "20291:20414": 6314,
  "20414:20291": 6314,
  "20291:20461": 12759,
  "20461:20291": 12759,
  "20291:20462": 11486,
  "20462:20291": 11486,
  "20291:20471": 10120,
  "20471:20291": 10120,
  "20291:211158": 11551,
  "211158:20291": 11551,
  "20291:2000441": 5739,
  "2000441:20291": 5739,
  "20291:2000442": 5726,
  "2000442:20291": 5726,
  "20291:20601": 5727,
  "20601:20291": 5727,
  "20291:20603": 4943,
  "20603:20291": 4943,
  "20291:20611": 5330,
  "20611:20291": 5330,
  "20291:20614": 4552,
  "20614:20291": 4552,
  "20291:20651": 8177,
  "20651:20291": 8177,
  "20291:20881": 4535,
  "20881:20291": 4535,
  "20291:20882": 4110,
  "20882:20291": 4110,
  "20291:20883": 3439,
  "20883:20291": 3439,
  "20291:20891": 5077,
  "20891:20291": 5077,
  "20291:20892": 4818,
  "20892:20291": 4818,
  "20291:20901": 3862,
  "20901:20291": 3862,
  "20291:20902": 4433,
  "20902:20291": 4433,
  "20291:21101": 8729,
  "21101:20291": 8729,
  "20291:21122": 15446,
  "21122:20291": 15446,
  "20291:21141": 16870,
  "21141:20291": 16870,
  "20291:21151": 21046,
  "21151:20291": 21046,
  "20291:21271": 17780,
  "21271:20291": 17780,
  "20291:21371": 13881,
  "21371:20291": 13881,
  "20291:21501": 24124,
  "21501:20291": 24124,
  "20301:200910": 8106,
  "200910:20301": 8106,
  "20301:20412": 8770,
  "20412:20301": 8770,
  "20301:20413": 8851,
  "20413:20301": 8851,
  "20301:20414": 8014,
  "20414:20301": 8014,
  "20301:20461": 14148,
  "20461:20301": 14148,
  "20301:20462": 12890,
  "20462:20301": 12890,
  "20301:20471": 11473,
  "20471:20301": 11473,
  "20301:211158": 12847,
  "211158:20301": 12847,
  "20301:2000441": 7798,
  "2000441:20301": 7798,
  "20301:2000442": 7813,
  "2000442:20301": 7813,
  "20301:20601": 6941,
  "20601:20301": 6941,
  "20301:20603": 5769,
  "20603:20301": 5769,
  "20301:20611": 6549,
  "20611:20301": 6549,
  "20301:20614": 5661,
  "20614:20301": 5661,
  "20301:20651": 9278,
  "20651:20301": 9278,
  "20301:20881": 4541,
  "20881:20301": 4541,
  "20301:20882": 4483,
  "20882:20301": 4483,
  "20301:20883": 3856,
  "20883:20301": 3856,
  "20301:20891": 5714,
  "20891:20301": 5714,
  "20301:20892": 5480,
  "20892:20301": 5480,
  "20301:20901": 4670,
  "20901:20301": 4670,
  "20301:20902": 4686,
  "20902:20301": 4686,
  "20301:21101": 9731,
  "21101:20301": 9731,
  "20301:21122": 16624,
  "21122:20301": 16624,
  "20301:21141": 17866,
  "21141:20301": 17866,
  "20301:21151": 22145,
  "21151:20301": 22145,
  "20301:21271": 18840,
  "21271:20301": 18840,
  "20301:21371": 15232,
  "21371:20301": 15232,
  "20301:21501": 25248,
  "21501:20301": 25248,
  "200910:20412": 2695,
  "20412:200910": 2695,
  "200910:20413": 1905,
  "20413:200910": 1905,
  "200910:20414": 1298,
  "20414:200910": 1298,
  "200910:20461": 7083,
  "20461:200910": 7083,
  "200910:20462": 5849,
  "20462:200910": 5849,
  "200910:20471": 4618,
  "20471:200910": 4618,
  "200910:211158": 5998,
  "211158:200910": 5998,
  "200910:2000441": 483,
  "2000441:200910": 483,
  "200910:2000442": 424,
  "2000442:200910": 424,
  "200910:20601": 2304,
  "20601:200910": 2304,
  "200910:20603": 3195,
  "20603:200910": 3195,
  "200910:20611": 2382,
  "20611:200910": 2382,
  "200910:20614": 2907,
  "20614:200910": 2907,
  "200910:20651": 3360,
  "20651:200910": 3360,
  "200910:20881": 4552,
  "20881:200910": 4552,
  "200910:20882": 4197,
  "20882:200910": 4197,
  "200910:20883": 4500,
  "20883:200910": 4500,
  "200910:20891": 3467,
  "20891:200910": 3467,
  "200910:20892": 3502,
  "20892:200910": 3502,
  "200910:20901": 3747,
  "20901:200910": 3747,
  "200910:20902": 4238,
  "20902:200910": 4238,
  "200910:21101": 3905,
  "21101:200910": 3905,
  "200910:21122": 9838,
  "21122:200910": 9838,
  "200910:21141": 11358,
  "21141:200910": 11358,
  "200910:21151": 15396,
  "21151:200910": 15396,
  "200910:21271": 12202,
  "21271:200910": 12202,
  "200910:21371": 8198,
  "21371:200910": 8198,
  "200910:21501": 18434,
  "21501:200910": 18434,
  "20412:20413": 916,
  "20413:20412": 916,
  "20412:20414": 1468,
  "20414:20412": 1468,
  "20412:20461": 5392,
  "20461:20412": 5392,
  "20412:20462": 4125,
  "20462:20412": 4125,
  "20412:20471": 2709,
  "20471:20412": 2709,
  "20412:211158": 4113,
  "211158:20412": 4113,
  "20412:2000441": 2385,
  "2000441:20412": 2385,
  "20412:2000442": 2443,
  "2000442:20412": 2443,
  "20412:20601": 1863,
  "20601:20412": 1863,
  "20412:20603": 3002,
  "20603:20412": 3002,
  "20412:20611": 2272,
  "20611:20412": 2272,
  "20412:20614": 3157,
  "20614:20412": 3157,
  "20412:20651": 704,
  "20651:20412": 704,
  "20412:20881": 4348,
  "20881:20412": 4348,
  "20412:20882": 4295,
  "20882:20412": 4295,
  "20412:20883": 4921,
  "20883:20412": 4921,
  "20412:20891": 3086,
  "20891:20412": 3086,
  "20412:20892": 3301,
  "20892:20412": 3301,
  "20412:20901": 4123,
  "20901:20412": 4123,
  "20412:20902": 4133,
  "20902:20412": 4133,
  "20412:21101": 1280,
  "21101:20412": 1280,
  "20412:21122": 7978,
  "21122:20412": 7978,
  "20412:21141": 9360,
  "21141:20412": 9360,
  "20412:21151": 13571,
  "21151:20412": 13571,
  "20412:21271": 10285,
  "21271:20412": 10285,
  "20412:21371": 6494,
  "21371:20412": 6494,
  "20412:21501": 16665,
  "21501:20412": 16665,
  "20413:20414": 924,
  "20414:20413": 924,
  "20413:20461": 5522,
  "20461:20413": 5522,
  "20413:20462": 4249,
  "20462:20413": 4249,
  "20413:20471": 2895,
  "20471:20413": 2895,
  "20413:211158": 4323,
  "211158:20413": 4323,
  "20413:2000441": 1698,
  "2000441:20413": 1698,
  "20413:2000442": 1744,
  "2000442:20413": 1744,
  "20413:20601": 1964,
  "20601:20413": 1964,
  "20413:20603": 3185,
  "20603:20413": 3185,
  "20413:20611": 2323,
  "20611:20413": 2323,
  "20413:20614": 3194,
  "20614:20413": 3194,
  "20413:20651": 1491,
  "20651:20413": 1491,
  "20413:20881": 4621,
  "20881:20413": 4621,
  "20413:20882": 4463,
  "20882:20413": 4463,
  "20413:20883": 5006,
  "20883:20413": 5006,
  "20413:20891": 3345,
  "20891:20413": 3345,
  "20413:20892": 3513,
  "20892:20413": 3513,
  "20413:20901": 4187,
  "20901:20413": 4187,
  "20413:20902": 4362,
  "20902:20413": 4362,
  "20413:21101": 2011,
  "21101:20413": 2011,
  "20413:21122": 8216,
  "21122:20413": 8216,
  "20413:21141": 9675,
  "21141:20413": 9675,
  "20413:21151": 13814,
  "21151:20413": 13814,
  "20413:21271": 10563,
  "21271:20413": 10563,
  "20413:21371": 6644,
  "21371:20413": 6644,
  "20413:21501": 16888,
  "21501:20413": 16888,
  "20414:20461": 6446,
  "20461:20414": 6446,
  "20414:20462": 5173,
  "20462:20414": 5173,
  "20414:20471": 3817,
  "20471:20414": 3817,
  "20414:211158": 5246,
  "211158:20414": 5246,
  "20414:2000441": 926,
  "2000441:20414": 926,
  "20414:2000442": 987,
  "2000442:20414": 987,
  "20414:20601": 1328,
  "20601:20414": 1328,
  "20414:20603": 2491,
  "20603:20414": 2491,
  "20414:20611": 1596,
  "20611:20414": 1596,
  "20414:20614": 2402,
  "20614:20414": 2402,
  "20414:20651": 2166,
  "20651:20414": 2166,
  "20414:20881": 3941,
  "20881:20414": 3941,
  "20414:20882": 3714,
  "20882:20414": 3714,
  "20414:20883": 4198,
  "20883:20414": 4198,
  "20414:20891": 2702,
  "20891:20414": 2702,
  "20414:20892": 2825,
  "20892:20414": 2825,
  "20414:20901": 3382,
  "20901:20414": 3382,
  "20414:20902": 3657,
  "20902:20414": 3657,
  "20414:21101": 2735,
  "21101:20414": 2735,
  "20414:21122": 9140,
  "21122:20414": 9140,
  "20414:21141": 10593,
  "21141:20414": 10593,
  "20414:21151": 14738,
  "21151:20414": 14738,
  "20414:21271": 11484,
  "21271:20414": 11484,
  "20414:21371": 7568,
  "21371:20414": 7568,
  "20414:21501": 17812,
  "21501:20414": 17812,
  "20461:20462": 1276,
  "20462:20461": 1276,
  "20461:20471": 2684,
  "20471:20461": 2684,
  "20461:211158": 1316,
  "211158:20461": 1316,
  "20461:2000441": 7084,
  "2000441:20461": 7084,
  "20461:2000442": 7111,
  "2000442:20461": 7111,
  "20461:20601": 7251,
  "20601:20461": 7251,
  "20461:20603": 8382,
  "20603:20461": 8382,
  "20461:20611": 7658,
  "20611:20461": 7658,
  "20461:20614": 8547,
  "20614:20461": 8547,
  "20461:20651": 4874,
  "20651:20461": 4874,
  "20461:20881": 9658,
  "20881:20461": 9658,
  "20461:20882": 9664,
  "20882:20461": 9664,
  "20461:20883": 10309,
  "20883:20461": 10309,
  "20461:20891": 8436,
  "20891:20461": 8436,
  "20461:20892": 8668,
  "20892:20461": 8668,
  "20461:20901": 9515,
  "20901:20461": 9515,
  "20461:20902": 9475,
  "20902:20461": 9475,
  "20461:21101": 4464,
  "21101:20461": 4464,
  "20461:21122": 2765,
  "21122:20461": 2765,
  "20461:21141": 4337,
  "21141:20461": 4337,
  "20461:21151": 8317,
  "21151:20461": 8317,
  "20461:21271": 5129,
  "21271:20461": 5129,
  "20461:21371": 1123,
  "21371:20461": 1123,
  "20461:21501": 11374,
  "21501:20461": 11374,
  "20462:20471": 1417,
  "20471:20462": 1417,
  "20462:211158": 405,
  "211158:20462": 405,
  "20462:2000441": 5829,
  "2000441:20462": 5829,
  "20462:2000442": 5858,
  "2000442:20462": 5858,
  "20462:20601": 5981,
  "20601:20462": 5981,
  "20462:20603": 7122,
  "20603:20462": 7122,
  "20462:20611": 6387,
  "20611:20462": 6387,
  "20462:20614": 7277,
  "20614:20462": 7277,
  "20462:20651": 3632,
  "20651:20462": 3632,
  "20462:20881": 8418,
  "20881:20462": 8418,
  "20462:20882": 8409,
  "20882:20462": 8409,
  "20462:20883": 9045,
  "20883:20462": 9045,
  "20462:20891": 7184,
  "20891:20462": 7184,
  "20462:20892": 7412,
  "20892:20462": 7412,
  "20462:20901": 8248,
  "20901:20462": 8248,
  "20462:20902": 8227,
  "20902:20462": 8227,
  "20462:21101": 3259,
  "21101:20462": 3259,
  "20462:21122": 3992,
  "21122:20462": 3992,
  "20462:21141": 5514,
  "21141:20462": 5514,
  "20462:21151": 9575,
  "21151:20462": 9575,
  "20462:21271": 6354,
  "21271:20462": 6354,
  "20462:21371": 2396,
  "21371:20462": 2396,
  "20462:21501": 12641,
  "21501:20462": 12641,
  "20471:211158": 1431,
  "211158:20471": 1431,
  "20471:2000441": 4537,
  "2000441:20471": 4537,
  "20471:2000442": 4573,
  "2000442:20471": 4573,
  "20471:20601": 4567,
  "20601:20471": 4567,
  "20471:20603": 5704,
  "20603:20471": 5704,
  "20471:20611": 4974,
  "20611:20471": 4974,
  "20471:20614": 5863,
  "20614:20471": 5863,
  "20471:20651": 2226,
  "20651:20471": 2226,
  "20471:20881": 7007,
  "20881:20471": 7007,
  "20471:20882": 6992,
  "20882:20471": 6992,
  "20471:20883": 7628,
  "20883:20471": 7628,
  "20471:20891": 5769,
  "20891:20471": 5769,
  "20471:20892": 5995,
  "20892:20471": 5995,
  "20471:20901": 6832,
  "20901:20471": 6832,
  "20471:20902": 6812,
  "20902:20471": 6812,
  "20471:21101": 1906,
  "21101:20471": 1906,
  "20471:21122": 5326,
  "21122:20471": 5326,
  "20471:21141": 6782,
  "21141:20471": 6782,
  "20471:21151": 10926,
  "21151:20471": 10926,
  "20471:21271": 7668,
  "21271:20471": 7668,
  "20471:21371": 3792,
  "21371:20471": 3792,
  "20471:21501": 14007,
  "21501:20471": 14007,
  "211158:2000441": 5947,
  "2000441:211158": 5947,
  "211158:2000442": 5979,
  "2000442:211158": 5979,
  "211158:20601": 5975,
  "20601:211158": 5975,
  "211158:20603": 7087,
  "20603:211158": 7087,
  "211158:20611": 6384,
  "20611:211158": 6384,
  "211158:20614": 7270,
  "20614:211158": 7270,
  "211158:20651": 3569,
  "20651:211158": 3569,
  "211158:20881": 8348,
  "20881:211158": 8348,
  "211158:20882": 8364,
  "20882:211158": 8364,
  "211158:20883": 9016,
  "20883:211158": 9016,
  "211158:20891": 7133,
  "20891:211158": 7133,
  "211158:20892": 7368,
  "20892:211158": 7368,
  "211158:20901": 8228,
  "20901:211158": 8228,
  "211158:20902": 8170,
  "20902:211158": 8170,
  "211158:21101": 3148,
  "21101:211158": 3148,
  "211158:21122": 3895,
  "21122:211158": 3895,
  "211158:21141": 5366,
  "21141:211158": 5366,
  "211158:21151": 9495,
  "21151:211158": 9495,
  "211158:21271": 6240,
  "21271:211158": 6240,
  "211158:21371": 2386,
  "21371:211158": 2386,
  "211158:21501": 12577,
  "21501:211158": 12577,
  "2000441:2000442": 66,
  "2000442:2000441": 66,
  "2000441:20601": 1822,
  "20601:2000441": 1822,
  "2000441:20603": 2730,
  "20603:2000441": 2730,
  "2000441:20611": 1904,
  "20611:2000441": 1904,
  "2000441:20614": 2468,
  "20614:2000441": 2468,
  "2000441:20651": 3075,
  "20651:2000441": 3075,
  "2000441:20881": 4109,
  "20881:2000441": 4109,
  "2000441:20882": 3775,
  "20882:2000441": 3775,
  "2000441:20883": 4120,
  "20883:2000441": 4120,
  "2000441:20891": 2998,
  "20891:2000441": 2998,
  "2000441:20892": 3043,
  "20892:2000441": 3043,
  "2000441:20901": 3346,
  "20901:2000441": 3346,
  "2000441:20902": 3798,
  "20902:2000441": 3798,
  "2000441:21101": 3638,
  "21101:2000441": 3638,
  "2000441:21122": 9820,
  "21122:2000441": 9820,
  "2000441:21141": 11313,
  "21141:2000441": 11313,
  "2000441:21151": 15401,
  "21151:2000441": 15401,
  "2000441:21271": 12179,
  "21271:2000441": 12179,
  "2000441:21371": 8205,
  "21371:2000441": 8205,
  "2000441:21501": 18456,
  "21501:2000441": 18456,
  "2000442:20601": 1884,
  "20601:2000442": 1884,
  "2000442:20603": 2779,
  "20603:2000442": 2779,
  "2000442:20611": 1959,
  "20611:2000442": 1959,
  "2000442:20614": 2509,
  "20614:2000442": 2509,
  "2000442:20651": 3132,
  "20651:2000442": 3132,
  "2000442:20881": 4151,
  "20881:2000442": 4151,
  "2000442:20882": 3812,
  "20882:2000442": 3812,
  "2000442:20883": 4148,
  "20883:2000442": 4148,
  "2000442:20891": 3049,
  "20891:2000442": 3049,
  "2000442:20892": 3090,
  "20892:2000442": 3090,
  "2000442:20901": 3378,
  "20901:2000442": 3378,
  "2000442:20902": 3840,
  "20902:2000442": 3840,
  "2000442:21101": 3693,
  "21101:2000442": 3693,
  "2000442:21122": 9849,
  "21122:2000442": 9849,
  "2000442:21141": 11346,
  "21141:2000442": 11346,
  "2000442:21151": 15428,
  "21151:2000442": 15428,
  "2000442:21271": 12209,
  "21271:2000442": 12209,
  "2000442:21371": 8231,
  "21371:2000442": 8231,
  "2000442:21501": 18481,
  "21501:2000442": 18481,
  "20601:20603": 1221,
  "20603:20601": 1221,
  "20601:20611": 410,
  "20611:20601": 410,
  "20601:20614": 1296,
  "20614:20601": 1296,
  "20601:20651": 2469,
  "20651:20601": 2469,
  "20601:20881": 2661,
  "20881:20601": 2661,
  "20601:20882": 2506,
  "20882:20601": 2506,
  "20601:20883": 3085,
  "20883:20601": 3085,
  "20601:20891": 1394,
  "20891:20601": 1394,
  "20601:20892": 1550,
  "20892:20601": 1550,
  "20601:20901": 2274,
  "20901:20601": 2274,
  "20601:20902": 2398,
  "20902:20601": 2398,
  "20601:21101": 3008,
  "21101:20601": 3008,
  "20601:21122": 9836,
  "21122:20601": 9836,
  "20601:21141": 11199,
  "21141:20601": 11199,
  "20601:21151": 15425,
  "21151:20601": 15425,
  "20601:21271": 12134,
  "21271:20601": 12134,
  "20601:21371": 8356,
  "21371:20601": 8356,
  "20601:21501": 18521,
  "21501:20601": 18521,
  "20603:20611": 896,
  "20611:20603": 896,
  "20603:20614": 509,
  "20614:20603": 509,
  "20603:20651": 3524,
  "20651:20603": 3524,
  "20603:20881": 1451,
  "20881:20603": 1451,
  "20603:20882": 1297,
  "20882:20603": 1297,
  "20603:20883": 1930,
  "20883:20603": 1930,
  "20603:20891": 298,
  "20891:20603": 298,
  "20603:20892": 334,
  "20892:20603": 334,
  "20603:20901": 1168,
  "20901:20603": 1168,
  "20603:20902": 1178,
  "20902:20603": 1178,
  "20603:21101": 4010,
  "21101:20603": 4010,
  "20603:21122": 10905,
  "21122:20603": 10905,
  "20603:21141": 12216,
  "21141:20603": 12216,
  "20603:21151": 16470,
  "21151:20603": 16470,
  "20603:21271": 13169,
  "21271:20603": 13169,
  "20603:21371": 9473,
  "21371:20603": 9473,
  "20603:21501": 19572,
  "21501:20603": 19572,
  "20611:20614": 892,
  "20614:20611": 892,
  "20611:20651": 2877,
  "20651:20611": 2877,
  "20611:20881": 2345,
  "20881:20611": 2345,
  "20611:20882": 2143,
  "20882:20611": 2143,
  "20611:20883": 2694,
  "20883:20611": 2694,
  "20611:20891": 1123,
  "20891:20611": 1123,
  "20611:20892": 1229,
  "20892:20611": 1229,
  "20611:20901": 1879,
  "20901:20611": 1879,
  "20611:20902": 2065,
  "20902:20611": 2065,
  "20611:21101": 3412,
  "21101:20611": 3412,
  "20611:21122": 10246,
  "21122:20611": 10246,
  "20611:21141": 11608,
  "21141:20611": 11608,
  "20611:21151": 15835,
  "21151:20611": 15835,
  "20611:21271": 12544,
  "21271:20611": 12544,
  "20611:21371": 8764,
  "21371:20611": 8764,
  "20611:21501": 18931,
  "21501:20611": 18931,
  "20614:20651": 3741,
  "20651:20614": 3741,
  "20614:20881": 1645,
  "20881:20614": 1645,
  "20614:20882": 1325,
  "20882:20614": 1325,
  "20614:20883": 1811,
  "20883:20614": 1811,
  "20614:20891": 787,
  "20891:20614": 787,
  "20614:20892": 674,
  "20892:20614": 674,
  "20614:20901": 993,
  "20901:20614": 993,
  "20614:20902": 1331,
  "20902:20614": 1331,
  "20614:21101": 4260,
  "21101:20614": 4260,
  "20614:21122": 11123,
  "21122:20614": 11123,
  "20614:21141": 12469,
  "21141:20614": 12469,
  "20614:21151": 16706,
  "21151:20614": 16706,
  "20614:21271": 13411,
  "21271:20614": 13411,
  "20614:21371": 9651,
  "21371:20614": 9651,
  "20614:21501": 19805,
  "21501:20614": 19805,
  "20651:20881": 4787,
  "20881:20651": 4787,
  "20651:20882": 4795,
  "20882:20651": 4795,
  "20651:20883": 5454,
  "20883:20651": 5454,
  "20651:20891": 3564,
  "20891:20651": 3564,
  "20651:20892": 3800,
  "20892:20651": 3800,
  "20651:20901": 4677,
  "20901:20651": 4677,
  "20651:20902": 4602,
  "20902:20651": 4602,
  "20651:21101": 576,
  "21101:20651": 576,
  "20651:21122": 7386,
  "21122:20651": 7386,
  "20651:21141": 8731,
  "21141:20651": 8731,
  "20651:21151": 12965,
  "21151:20651": 12965,
  "20651:21271": 9670,
  "21271:20651": 9670,
  "20651:21371": 5954,
  "21371:20651": 5954,
  "20651:21501": 16064,
  "21501:20651": 16064,
  "20881:20882": 532,
  "20882:20881": 532,
  "20881:20883": 1097,
  "20883:20881": 1097,
  "20881:20891": 1279,
  "20891:20881": 1279,
  "20881:20892": 1117,
  "20892:20881": 1117,
  "20881:20901": 1052,
  "20901:20881": 1052,
  "20881:20902": 320,
  "20902:20881": 320,
  "20881:21101": 5210,
  "21101:20881": 5210,
  "20881:21122": 12089,
  "21122:20881": 12089,
  "20881:21141": 13326,
  "21141:20881": 13326,
  "20881:21151": 17604,
  "21151:20881": 17604,
  "20881:21271": 14299,
  "21271:20881": 14299,
  "20881:21371": 10726,
  "21371:20881": 10726,
  "20881:21501": 20708,
  "21501:20881": 20708,
  "20882:20883": 725,
  "20883:20882": 725,
  "20882:20891": 1234,
  "20891:20882": 1234,
  "20882:20892": 997,
  "20892:20882": 997,
  "20882:20901": 536,
  "20901:20882": 536,
  "20882:20902": 324,
  "20902:20882": 324,
  "20882:21101": 5258,
  "21101:20882": 5258,
  "20882:21122": 12157,
  "21122:20882": 12157,
  "20882:21141": 13436,
  "21141:20882": 13436,
  "20882:21151": 17704,
  "21151:20882": 17704,
  "20882:21271": 14399,
  "21271:20882": 14399,
  "20882:21371": 10749,
  "21371:20882": 10749,
  "20882:21501": 20807,
  "21501:20882": 20807,
  "20883:20891": 1922,
  "20891:20883": 1922,
  "20883:20892": 1668,
  "20892:20883": 1668,
  "20883:20901": 819,
  "20901:20883": 819,
  "20883:20902": 1028,
  "20902:20883": 1028,
  "20883:21101": 5934,
  "21101:20883": 5934,
  "20883:21122": 12832,
  "21122:20883": 12832,
  "20883:21141": 14129,
  "21141:20883": 14129,
  "20883:21151": 18391,
  "21151:20883": 18391,
  "20883:21271": 15088,
  "21271:20883": 15088,
  "20883:21371": 11402,
  "21371:20883": 11402,
  "20883:21501": 21494,
  "21501:20883": 21494,
  "20891:20892": 263,
  "20892:20891": 263,
  "20891:20901": 1234,
  "20901:20891": 1234,
  "20891:20902": 1047,
  "20902:20891": 1047,
  "20891:21101": 4024,
  "21101:20891": 4024,
  "20891:21122": 10924,
  "21122:20891": 10924,
  "20891:21141": 12209,
  "21141:20891": 12209,
  "20891:21151": 16473,
  "21151:20891": 16473,
  "20891:21271": 13169,
  "21271:20891": 13169,
  "20891:21371": 9518,
  "21371:20891": 9518,
  "20891:21501": 19577,
  "21501:20891": 19577,
  "20892:20901": 970,
  "20901:20892": 970,
  "20892:20902": 849,
  "20902:20892": 849,
  "20892:21101": 4269,
  "21101:20892": 4269,
  "20892:21122": 11169,
  "21122:20892": 11169,
  "20892:21141": 12461,
  "21141:20892": 12461,
  "20892:21151": 16723,
  "21151:20892": 16723,
  "20892:21271": 13420,
  "21271:20892": 13420,
  "20892:21371": 9754,
  "21371:20892": 9754,
  "20892:21501": 19826,
  "21501:20892": 19826,
  "20901:20902": 772,
  "20902:20901": 772,
  "20901:21101": 5173,
  "21101:20901": 5173,
  "20901:21122": 12062,
  "21122:20901": 12062,
  "20901:21141": 13382,
  "21141:20901": 13382,
  "20901:21151": 17633,
  "21151:20901": 17633,
  "20901:21271": 14333,
  "21271:20901": 14333,
  "20901:21371": 10613,
  "21371:20901": 10613,
  "20901:21501": 20735,
  "21501:20901": 20735,
  "20902:21101": 5046,
  "21101:20902": 5046,
  "20902:21122": 11939,
  "21122:20902": 11939,
  "20902:21141": 13200,
  "21141:20902": 13200,
  "20902:21151": 17473,
  "21151:20902": 17473,
  "20902:21271": 14168,
  "21271:20902": 14168,
  "20902:21371": 10552,
  "21371:20902": 10552,
  "20902:21501": 20577,
  "21501:20902": 20577,
  "21101:21122": 6900,
  "21122:21101": 6900,
  "21101:21141": 8212,
  "21141:21101": 8212,
  "21101:21151": 12460,
  "21151:21101": 12460,
  "21101:21271": 9160,
  "21271:21101": 9160,
  "21101:21371": 5518,
  "21371:21101": 5518,
  "21101:21501": 15562,
  "21501:21101": 15562,
  "21122:21141": 1619,
  "21141:21122": 1619,
  "21122:21151": 5600,
  "21151:21122": 5600,
  "21122:21271": 2365,
  "21271:21122": 2365,
  "21122:21371": 1691,
  "21371:21122": 1691,
  "21122:21501": 8688,
  "21501:21122": 8688,
  "21141:21151": 4285,
  "21151:21141": 4285,
  "21141:21271": 1005,
  "21271:21141": 1005,
  "21141:21371": 3301,
  "21371:21141": 3301,
  "21141:21501": 7385,
  "21501:21141": 7385,
  "21151:21271": 3305,
  "21271:21151": 3305,
  "21151:21371": 7199,
  "21371:21151": 7199,
  "21151:21501": 3104,
  "21501:21151": 3104,
  "21271:21371": 4038,
  "21371:21271": 4038,
  "21271:21501": 6409,
  "21501:21271": 6409,
  "21371:21501": 10252,
  "21501:21371": 10252
}